# File generated by the macro mia_dech() for the dechanneling lenghts.
#Crystal,raggio_curvatura5[m],raggio_curvatura5_err[m],raggio_curvatura10[m],raggio_curvatura10_err[m],bending_angle5[microrad],bending_angle5_err[microrad],bending_angle10[microrad],bending_angle10_err[microrad],thickness[mm],dechanneling_lenght5[m],dechanneling_lenght5_err[m],dechanneling_lenght10[m],dechanneling_lenght10_err[m]
QMP25 12.239 0.0114513 12.2491 0.0091535 171.582 0.160539 171.442 0.128115 2.1 -0.009367 0.000486767 -0.0098124 0.000367732 0.00130661 6.79107e-05 0.00124832 4.67918e-05 
QMP27 16.283 0.00461465 16.3358 0.00402401 108.702 0.0308066 108.351 0.0266903 1.77 -0.0116355 0.000847268 -0.0121513 0.000680346 0.00139943 0.000101904 0.00134436 7.52712e-05 
QMP32 5.6087 0.00245707 5.60622 0.00215319 171.163 0.0749833 171.238 0.0657678 0.96 -0.0123478 0.00120548 -0.0131096 0.000950932 0.000454226 4.43452e-05 0.000427641 3.10202e-05 
QMP38 20.2676 3.64254 23.6012 0.731184 197.359 35.4698 169.483 5.25072 4 -0.0663431 0.00194617 -0.0640664 0.00143333 0.000305497 5.56311e-05 0.000368386 1.40777e-05 
STF38 8.80575 0.00293837 8.88324 0.00234584 214.633 0.0716204 212.76 0.0561846 1.89 -0.00765594 0.000560939 -0.00818857 0.000392045 0.00115018 8.42731e-05 0.00108483 5.19395e-05 
STF45 13.8249 0.00558189 13.868 0.00474658 144.667 0.0584103 144.216 0.0493606 2 -0.0103083 0.000947999 -0.0105356 0.000739579 0.00134114 0.000123339 0.0013163 9.24025e-05 
STF49 3.23586 0.000514097 3.24238 0.000505788 247.229 0.0392785 246.732 0.0384885 0.8 -0.0174464 0.000306859 -0.0176469 0.000249848 0.000185475 3.2624e-06 0.000183737 2.60154e-06 
STF51 94.8994 0.0420689 98.073 0.0439424 31.6124 0.0140138 30.5895 0.0137058 3 0.00251689 0.000116977 -0.0110323 7.03575e-05 -0.037705 0.00175248 0.00888962 5.68325e-05 
STF9 16.5271 0.00835284 16.5278 0.00805725 121.013 0.0611602 121.008 0.0589908 2 -0.00470263 0.00140152 -0.00795994 0.00113824 0.00351445 0.00104741 0.00207638 0.000296916 
STF99 16.566 0.0108199 15.9996 0.0179455 120.367 0.078616 124.628 0.139786 1.994 -0.0141973 0.000188731 -0.0153585 0.000153609 0.00116684 1.553e-05 0.00104174 1.04844e-05 
