# Cristalli	| Rc [m] | theta_bending_misurato [microRad] | Thickness [mm] | Particle type [-1000=protons, -2000 pions, -3000 Lead Ions] | Particle energy [GeV]
STF38	9		  211.23	1.89  -1000 400
STF45	13.33	143.78	2.00  -1000 400
STF47	68.89	34.10	  3.10  -1000 400
STF49	2.96	246.65	0.80  -1000 400
STF51	66.67	33.40	  3.00  -1000 400
STF9	16		125		  2     -1000 400
STF99	19.94	100		  1.994 -1000 400
ST101 9.5   162     1.988 -1000 400
QMP25	12.73	165		  2.1   -1000 400
QMP27	15.26	108.13	1.77  -1000 400
QMP29	120		33.95	  6.00  -1000 400
QMP32	5.48	170.69	0.96  -1000 400
QMP36	2.85	175		  0.5   -1000 400
QMP38	27.586 145    4     -1000 400
SCP62 0      0      0     -2000 180
