-38.5    9
-37.5    13
-36.5    22
-35.5    23
-34.5    30
-33.5    40
-32.5    43
-31.5    64
-30.5    74
-29.5    105
-28.5    139
-27.5    166
-26.5    235
-25.5    322
-24.5    347
-23.5    474
-22.5    556
-21.5    583
-20.5    735
-19.5    922
-18.5    898
-17.5    1061
-16.5    1082
-15.5    1067
-14.5    1114
-13.5    1134
-12.5    1025
-11.5    1044
-10.5    947
-9.5    848
-8.5    746
-7.5    691
-6.5    557
-5.5    528
-4.5    384
-3.5    331
-2.5    307
-1.5    249
-0.5    239
0.5    203
1.5    166
2.5    158
3.5    133
4.5    109
5.5    111
6.5    94
7.5    104
8.5    77
9.5    64
10.5    53
11.5    52
12.5    37
13.5    49
14.5    25
15.5    32
16.5    29
17.5    24
18.5    21
19.5    17
20.5    22
21.5    26
22.5    13
23.5    16
24.5    20
25.5    14
26.5    11
27.5    18
28.5    19
29.5    16
30.5    9
