-38.5    12
-37.5    14
-36.5    26
-35.5    14
-34.5    32
-33.5    41
-32.5    32
-31.5    62
-30.5    86
-29.5    123
-28.5    161
-27.5    178
-26.5    234
-25.5    289
-24.5    354
-23.5    457
-22.5    582
-21.5    654
-20.5    779
-19.5    844
-18.5    966
-17.5    1047
-16.5    1070
-15.5    1168
-14.5    1155
-13.5    1156
-12.5    1082
-11.5    1073
-10.5    981
-9.5    934
-8.5    799
-7.5    710
-6.5    615
-5.5    544
-4.5    370
-3.5    381
-2.5    292
-1.5    217
-0.5    188
0.5    159
1.5    126
2.5    112
3.5    107
4.5    66
5.5    58
6.5    48
7.5    52
8.5    34
9.5    35
10.5    27
11.5    23
12.5    24
13.5    22
14.5    18
15.5    26
16.5    14
17.5    14
18.5    21
19.5    12
20.5    12
21.5    8
22.5    14
23.5    9
24.5    8
25.5    16
26.5    8
27.5    12
28.5    8
29.5    9
30.5    12
