-38.5    6
-37.5    21
-36.5    18
-35.5    20
-34.5    34
-33.5    35
-32.5    45
-31.5    58
-30.5    88
-29.5    109
-28.5    126
-27.5    183
-26.5    197
-25.5    293
-24.5    349
-23.5    438
-22.5    547
-21.5    624
-20.5    743
-19.5    841
-18.5    903
-17.5    1011
-16.5    1067
-15.5    1019
-14.5    1159
-13.5    1106
-12.5    1016
-11.5    1022
-10.5    913
-9.5    848
-8.5    742
-7.5    677
-6.5    589
-5.5    476
-4.5    428
-3.5    374
-2.5    292
-1.5    264
-0.5    229
0.5    187
1.5    183
2.5    194
3.5    145
4.5    143
5.5    102
6.5    111
7.5    93
8.5    86
9.5    75
10.5    78
11.5    54
12.5    55
13.5    47
14.5    41
15.5    31
16.5    28
17.5    22
18.5    30
19.5    26
20.5    14
21.5    15
22.5    20
23.5    14
24.5    15
25.5    14
26.5    18
27.5    18
28.5    10
29.5    9
30.5    10
