-38.5    8
-37.5    8
-36.5    12
-35.5    12
-34.5    9
-33.5    16
-32.5    23
-31.5    23
-30.5    49
-29.5    33
-28.5    47
-27.5    64
-26.5    68
-25.5    84
-24.5    110
-23.5    119
-22.5    147
-21.5    165
-20.5    185
-19.5    208
-18.5    229
-17.5    244
-16.5    290
-15.5    301
-14.5    317
-13.5    353
-12.5    331
-11.5    357
-10.5    411
-9.5    422
-8.5    503
-7.5    477
-6.5    567
-5.5    653
-4.5    710
-3.5    746
-2.5    840
-1.5    831
-0.5    902
0.5    922
1.5    866
2.5    865
3.5    843
4.5    698
5.5    701
6.5    534
7.5    495
8.5    469
9.5    365
10.5    303
11.5    285
12.5    185
13.5    161
14.5    129
15.5    92
16.5    79
17.5    70
18.5    49
19.5    35
20.5    36
21.5    17
22.5    21
23.5    17
24.5    8
25.5    12
26.5    5
27.5    4
28.5    6
29.5    5
30.5    6
