-38.5    11
-37.5    14
-36.5    18
-35.5    17
-34.5    19
-33.5    33
-32.5    28
-31.5    52
-30.5    52
-29.5    73
-28.5    89
-27.5    128
-26.5    148
-25.5    207
-24.5    236
-23.5    245
-22.5    323
-21.5    430
-20.5    391
-19.5    516
-18.5    545
-17.5    531
-16.5    621
-15.5    626
-14.5    629
-13.5    674
-12.5    609
-11.5    589
-10.5    648
-9.5    618
-8.5    608
-7.5    653
-6.5    651
-5.5    718
-4.5    658
-3.5    762
-2.5    769
-1.5    742
-0.5    850
0.5    762
1.5    737
2.5    827
3.5    698
4.5    608
5.5    607
6.5    524
7.5    498
8.5    432
9.5    352
10.5    297
11.5    240
12.5    213
13.5    141
14.5    151
15.5    110
16.5    72
17.5    57
18.5    48
19.5    49
20.5    41
21.5    34
22.5    20
23.5    19
24.5    15
25.5    4
26.5    18
27.5    14
28.5    9
29.5    8
30.5    6
