-38.5    3
-37.5    15
-36.5    14
-35.5    18
-34.5    18
-33.5    33
-32.5    28
-31.5    40
-30.5    60
-29.5    62
-28.5    80
-27.5    127
-26.5    171
-25.5    199
-24.5    225
-23.5    244
-22.5    310
-21.5    368
-20.5    363
-19.5    466
-18.5    491
-17.5    486
-16.5    550
-15.5    576
-14.5    597
-13.5    604
-12.5    593
-11.5    563
-10.5    591
-9.5    647
-8.5    623
-7.5    630
-6.5    649
-5.5    678
-4.5    681
-3.5    794
-2.5    837
-1.5    752
-0.5    893
0.5    859
1.5    852
2.5    886
3.5    725
4.5    648
5.5    682
6.5    557
7.5    539
8.5    455
9.5    324
10.5    317
11.5    272
12.5    207
13.5    161
14.5    145
15.5    107
16.5    79
17.5    73
18.5    52
19.5    53
20.5    37
21.5    30
22.5    19
23.5    13
24.5    10
25.5    12
26.5    10
27.5    9
28.5    5
29.5    8
30.5    8
