-38.5    15
-37.5    13
-36.5    11
-35.5    26
-34.5    16
-33.5    24
-32.5    30
-31.5    49
-30.5    69
-29.5    72
-28.5    103
-27.5    139
-26.5    145
-25.5    218
-24.5    307
-23.5    321
-22.5    362
-21.5    431
-20.5    439
-19.5    586
-18.5    616
-17.5    628
-16.5    712
-15.5    672
-14.5    673
-13.5    692
-12.5    688
-11.5    672
-10.5    670
-9.5    603
-8.5    613
-7.5    585
-6.5    632
-5.5    614
-4.5    566
-3.5    650
-2.5    666
-1.5    619
-0.5    706
0.5    606
1.5    676
2.5    676
3.5    589
4.5    569
5.5    522
6.5    435
7.5    368
8.5    368
9.5    311
10.5    304
11.5    206
12.5    165
13.5    142
14.5    119
15.5    75
16.5    67
17.5    49
18.5    37
19.5    37
20.5    23
21.5    24
22.5    8
23.5    20
24.5    10
25.5    18
26.5    6
27.5    9
28.5    10
29.5    6
30.5    2
