-38.5    14
-37.5    13
-36.5    17
-35.5    29
-34.5    28
-33.5    35
-32.5    44
-31.5    69
-30.5    103
-29.5    95
-28.5    151
-27.5    177
-26.5    226
-25.5    283
-24.5    399
-23.5    467
-22.5    556
-21.5    634
-20.5    760
-19.5    894
-18.5    926
-17.5    1055
-16.5    1140
-15.5    1059
-14.5    1164
-13.5    1179
-12.5    1067
-11.5    1042
-10.5    927
-9.5    932
-8.5    809
-7.5    687
-6.5    566
-5.5    516
-4.5    384
-3.5    343
-2.5    306
-1.5    212
-0.5    200
0.5    167
1.5    148
2.5    88
3.5    85
4.5    74
5.5    71
6.5    56
7.5    60
8.5    56
9.5    41
10.5    36
11.5    38
12.5    37
13.5    35
14.5    35
15.5    21
16.5    21
17.5    24
18.5    18
19.5    19
20.5    14
21.5    19
22.5    15
23.5    8
24.5    7
25.5    12
26.5    9
27.5    12
28.5    12
29.5    10
30.5    11
