-38.5    8
-37.5    8
-36.5    9
-35.5    22
-34.5    17
-33.5    21
-32.5    35
-31.5    39
-30.5    55
-29.5    66
-28.5    84
-27.5    114
-26.5    126
-25.5    156
-24.5    206
-23.5    223
-22.5    305
-21.5    341
-20.5    342
-19.5    458
-18.5    492
-17.5    492
-16.5    519
-15.5    535
-14.5    524
-13.5    551
-12.5    522
-11.5    551
-10.5    548
-9.5    557
-8.5    613
-7.5    628
-6.5    669
-5.5    779
-4.5    687
-3.5    863
-2.5    873
-1.5    847
-0.5    949
0.5    831
1.5    827
2.5    931
3.5    742
4.5    763
5.5    787
6.5    598
7.5    468
8.5    455
9.5    356
10.5    337
11.5    279
12.5    203
13.5    151
14.5    138
15.5    103
16.5    80
17.5    69
18.5    50
19.5    45
20.5    35
21.5    16
22.5    19
23.5    21
24.5    11
25.5    21
26.5    8
27.5    12
28.5    3
29.5    8
30.5    6
