-38.5    6
-37.5    6
-36.5    3
-35.5    11
-34.5    7
-33.5    14
-32.5    10
-31.5    15
-30.5    21
-29.5    29
-28.5    37
-27.5    44
-26.5    49
-25.5    46
-24.5    89
-23.5    88
-22.5    89
-21.5    135
-20.5    107
-19.5    118
-18.5    146
-17.5    141
-16.5    111
-15.5    180
-14.5    158
-13.5    143
-12.5    165
-11.5    177
-10.5    218
-9.5    239
-8.5    259
-7.5    240
-6.5    284
-5.5    389
-4.5    407
-3.5    424
-2.5    480
-1.5    488
-0.5    494
0.5    536
1.5    521
2.5    460
3.5    488
4.5    406
5.5    395
6.5    365
7.5    280
8.5    267
9.5    224
10.5    175
11.5    147
12.5    130
13.5    88
14.5    82
15.5    39
16.5    38
17.5    39
18.5    25
19.5    22
20.5    13
21.5    15
22.5    12
23.5    12
24.5    8
25.5    8
26.5    5
27.5    5
28.5    5
29.5    2
30.5    1
