-38.5    12
-37.5    11
-36.5    19
-35.5    17
-34.5    25
-33.5    52
-32.5    41
-31.5    82
-30.5    77
-29.5    78
-28.5    152
-27.5    177
-26.5    206
-25.5    280
-24.5    353
-23.5    419
-22.5    501
-21.5    564
-20.5    686
-19.5    784
-18.5    765
-17.5    936
-16.5    1006
-15.5    990
-14.5    987
-13.5    1040
-12.5    903
-11.5    889
-10.5    863
-9.5    746
-8.5    766
-7.5    673
-6.5    538
-5.5    534
-4.5    437
-3.5    397
-2.5    398
-1.5    372
-0.5    337
0.5    278
1.5    297
2.5    261
3.5    260
4.5    247
5.5    210
6.5    183
7.5    188
8.5    132
9.5    115
10.5    113
11.5    73
12.5    93
13.5    67
14.5    60
15.5    41
16.5    36
17.5    34
18.5    33
19.5    26
20.5    31
21.5    14
22.5    22
23.5    13
24.5    9
25.5    22
26.5    14
27.5    12
28.5    16
29.5    8
30.5    13
