-38.5    12
-37.5    16
-36.5    14
-35.5    18
-34.5    34
-33.5    30
-32.5    43
-31.5    74
-30.5    86
-29.5    106
-28.5    144
-27.5    174
-26.5    234
-25.5    293
-24.5    394
-23.5    451
-22.5    587
-21.5    609
-20.5    760
-19.5    927
-18.5    890
-17.5    1058
-16.5    1062
-15.5    1055
-14.5    1161
-13.5    1090
-12.5    1051
-11.5    998
-10.5    942
-9.5    861
-8.5    771
-7.5    683
-6.5    579
-5.5    524
-4.5    393
-3.5    317
-2.5    312
-1.5    262
-0.5    230
0.5    197
1.5    159
2.5    135
3.5    129
4.5    104
5.5    112
6.5    92
7.5    85
8.5    81
9.5    64
10.5    56
11.5    62
12.5    40
13.5    39
14.5    29
15.5    35
16.5    24
17.5    19
18.5    26
19.5    14
20.5    22
21.5    20
22.5    16
23.5    7
24.5    13
25.5    18
26.5    11
27.5    17
28.5    16
29.5    12
30.5    8
