-38.5    11
-37.5    5
-36.5    7
-35.5    12
-34.5    8
-33.5    22
-32.5    24
-31.5    23
-30.5    32
-29.5    38
-28.5    52
-27.5    59
-26.5    68
-25.5    90
-24.5    82
-23.5    103
-22.5    123
-21.5    152
-20.5    159
-19.5    170
-18.5    243
-17.5    208
-16.5    231
-15.5    252
-14.5    231
-13.5    281
-12.5    280
-11.5    324
-10.5    361
-9.5    350
-8.5    459
-7.5    515
-6.5    551
-5.5    606
-4.5    624
-3.5    684
-2.5    803
-1.5    744
-0.5    825
0.5    859
1.5    716
2.5    804
3.5    774
4.5    642
5.5    642
6.5    575
7.5    402
8.5    385
9.5    323
10.5    250
11.5    247
12.5    195
13.5    141
14.5    126
15.5    70
16.5    60
17.5    42
18.5    44
19.5    32
20.5    20
21.5    21
22.5    15
23.5    15
24.5    16
25.5    6
26.5    5
27.5    5
28.5    4
29.5    7
30.5    5
