-38.5    11
-37.5    13
-36.5    16
-35.5    22
-34.5    27
-33.5    49
-32.5    37
-31.5    71
-30.5    85
-29.5    95
-28.5    157
-27.5    166
-26.5    203
-25.5    294
-24.5    361
-23.5    418
-22.5    500
-21.5    525
-20.5    664
-19.5    791
-18.5    814
-17.5    886
-16.5    1014
-15.5    974
-14.5    962
-13.5    1023
-12.5    905
-11.5    896
-10.5    849
-9.5    724
-8.5    727
-7.5    660
-6.5    587
-5.5    530
-4.5    478
-3.5    392
-2.5    412
-1.5    369
-0.5    391
0.5    313
1.5    313
2.5    268
3.5    242
4.5    239
5.5    210
6.5    202
7.5    177
8.5    167
9.5    155
10.5    120
11.5    97
12.5    88
13.5    52
14.5    49
15.5    50
16.5    44
17.5    39
18.5    35
19.5    33
20.5    31
21.5    15
22.5    21
23.5    14
24.5    10
25.5    17
26.5    8
27.5    10
28.5    17
29.5    13
30.5    15
