-38.5    9
-37.5    16
-36.5    14
-35.5    23
-34.5    36
-33.5    39
-32.5    48
-31.5    64
-30.5    89
-29.5    102
-28.5    122
-27.5    189
-26.5    215
-25.5    308
-24.5    383
-23.5    429
-22.5    582
-21.5    638
-20.5    738
-19.5    869
-18.5    916
-17.5    1022
-16.5    1118
-15.5    1129
-14.5    1203
-13.5    1138
-12.5    1124
-11.5    1055
-10.5    989
-9.5    896
-8.5    799
-7.5    674
-6.5    547
-5.5    463
-4.5    416
-3.5    347
-2.5    296
-1.5    201
-0.5    196
0.5    158
1.5    106
2.5    114
3.5    79
4.5    63
5.5    53
6.5    48
7.5    44
8.5    37
9.5    32
10.5    19
11.5    16
12.5    14
13.5    15
14.5    11
15.5    11
16.5    12
17.5    12
18.5    15
19.5    13
20.5    12
21.5    7
22.5    8
23.5    7
24.5    14
25.5    9
26.5    9
27.5    12
28.5    15
29.5    10
30.5    12
