-38.5    13
-37.5    14
-36.5    11
-35.5    25
-34.5    30
-33.5    36
-32.5    45
-31.5    62
-30.5    107
-29.5    93
-28.5    156
-27.5    208
-26.5    224
-25.5    301
-24.5    395
-23.5    473
-22.5    546
-21.5    699
-20.5    713
-19.5    927
-18.5    948
-17.5    1092
-16.5    1119
-15.5    1106
-14.5    1175
-13.5    1204
-12.5    1138
-11.5    1070
-10.5    947
-9.5    894
-8.5    784
-7.5    694
-6.5    591
-5.5    547
-4.5    411
-3.5    351
-2.5    297
-1.5    224
-0.5    181
0.5    174
1.5    112
2.5    88
3.5    92
4.5    76
5.5    55
6.5    53
7.5    44
8.5    42
9.5    37
10.5    37
11.5    29
12.5    24
13.5    27
14.5    18
15.5    19
16.5    17
17.5    9
18.5    12
19.5    15
20.5    13
21.5    15
22.5    17
23.5    13
24.5    9
25.5    2
26.5    14
27.5    16
28.5    14
29.5    13
30.5    8
