-38.5    3
-37.5    9
-36.5    12
-35.5    11
-34.5    8
-33.5    22
-32.5    24
-31.5    27
-30.5    44
-29.5    56
-28.5    72
-27.5    78
-26.5    86
-25.5    112
-24.5    145
-23.5    180
-22.5    172
-21.5    239
-20.5    224
-19.5    296
-18.5    324
-17.5    335
-16.5    359
-15.5    360
-14.5    396
-13.5    454
-12.5    394
-11.5    452
-10.5    462
-9.5    492
-8.5    571
-7.5    564
-6.5    664
-5.5    746
-4.5    689
-3.5    907
-2.5    948
-1.5    919
-0.5    993
0.5    988
1.5    826
2.5    1018
3.5    824
4.5    772
5.5    781
6.5    657
7.5    523
8.5    460
9.5    416
10.5    321
11.5    275
12.5    229
13.5    173
14.5    131
15.5    94
16.5    82
17.5    68
18.5    54
19.5    37
20.5    27
21.5    20
22.5    19
23.5    15
24.5    16
25.5    9
26.5    7
27.5    4
28.5    8
29.5    6
30.5    11
