-38.5    7
-37.5    12
-36.5    13
-35.5    12
-34.5    18
-33.5    19
-32.5    31
-31.5    37
-30.5    49
-29.5    73
-28.5    74
-27.5    87
-26.5    104
-25.5    129
-24.5    169
-23.5    208
-22.5    220
-21.5    273
-20.5    315
-19.5    341
-18.5    416
-17.5    403
-16.5    427
-15.5    503
-14.5    416
-13.5    476
-12.5    492
-11.5    490
-10.5    526
-9.5    542
-8.5    613
-7.5    563
-6.5    651
-5.5    795
-4.5    789
-3.5    865
-2.5    952
-1.5    859
-0.5    1016
0.5    901
1.5    859
2.5    901
3.5    821
4.5    757
5.5    736
6.5    594
7.5    526
8.5    514
9.5    384
10.5    326
11.5    282
12.5    204
13.5    164
14.5    147
15.5    110
16.5    80
17.5    54
18.5    50
19.5    46
20.5    32
21.5    23
22.5    21
23.5    14
24.5    14
25.5    13
26.5    7
27.5    13
28.5    5
29.5    6
30.5    12
