-38.5    14
-37.5    10
-36.5    23
-35.5    16
-34.5    42
-33.5    49
-32.5    53
-31.5    54
-30.5    79
-29.5    87
-28.5    139
-27.5    188
-26.5    234
-25.5    289
-24.5    369
-23.5    459
-22.5    561
-21.5    646
-20.5    718
-19.5    860
-18.5    896
-17.5    1019
-16.5    1110
-15.5    1092
-14.5    1173
-13.5    1125
-12.5    1049
-11.5    1056
-10.5    896
-9.5    834
-8.5    795
-7.5    650
-6.5    591
-5.5    487
-4.5    393
-3.5    358
-2.5    296
-1.5    225
-0.5    225
0.5    227
1.5    133
2.5    133
3.5    115
4.5    85
5.5    104
6.5    72
7.5    76
8.5    72
9.5    59
10.5    59
11.5    40
12.5    46
13.5    38
14.5    35
15.5    24
16.5    20
17.5    17
18.5    20
19.5    24
20.5    25
21.5    19
22.5    24
23.5    17
24.5    16
25.5    18
26.5    12
27.5    12
28.5    5
29.5    10
30.5    8
