-38.5    2
-37.5    9
-36.5    8
-35.5    19
-34.5    11
-33.5    21
-32.5    29
-31.5    25
-30.5    44
-29.5    50
-28.5    57
-27.5    66
-26.5    84
-25.5    101
-24.5    128
-23.5    159
-22.5    161
-21.5    219
-20.5    221
-19.5    304
-18.5    310
-17.5    316
-16.5    327
-15.5    340
-14.5    357
-13.5    415
-12.5    352
-11.5    459
-10.5    458
-9.5    480
-8.5    560
-7.5    580
-6.5    657
-5.5    750
-4.5    712
-3.5    873
-2.5    961
-1.5    888
-0.5    1004
0.5    968
1.5    798
2.5    949
3.5    816
4.5    700
5.5    761
6.5    622
7.5    545
8.5    495
9.5    384
10.5    313
11.5    286
12.5    224
13.5    164
14.5    132
15.5    96
16.5    84
17.5    52
18.5    51
19.5    42
20.5    32
21.5    23
22.5    14
23.5    13
24.5    20
25.5    13
26.5    7
27.5    7
28.5    4
29.5    6
30.5    8
