-38.5    9
-37.5    20
-36.5    20
-35.5    26
-34.5    16
-33.5    24
-32.5    41
-31.5    55
-30.5    59
-29.5    83
-28.5    146
-27.5    175
-26.5    186
-25.5    259
-24.5    283
-23.5    369
-22.5    444
-21.5    508
-20.5    605
-19.5    668
-18.5    645
-17.5    750
-16.5    836
-15.5    770
-14.5    876
-13.5    834
-12.5    810
-11.5    770
-10.5    737
-9.5    684
-8.5    639
-7.5    582
-6.5    570
-5.5    546
-4.5    550
-3.5    596
-2.5    498
-1.5    469
-0.5    519
0.5    454
1.5    503
2.5    464
3.5    391
4.5    396
5.5    378
6.5    308
7.5    298
8.5    282
9.5    230
10.5    183
11.5    166
12.5    112
13.5    95
14.5    95
15.5    54
16.5    57
17.5    39
18.5    38
19.5    26
20.5    25
21.5    20
22.5    18
23.5    20
24.5    14
25.5    10
26.5    7
27.5    6
28.5    11
29.5    10
30.5    5
