-38.5    4
-37.5    20
-36.5    27
-35.5    23
-34.5    27
-33.5    48
-32.5    47
-31.5    52
-30.5    88
-29.5    92
-28.5    149
-27.5    206
-26.5    218
-25.5    322
-24.5    363
-23.5    448
-22.5    549
-21.5    599
-20.5    718
-19.5    848
-18.5    855
-17.5    913
-16.5    1069
-15.5    1070
-14.5    1155
-13.5    1073
-12.5    963
-11.5    985
-10.5    955
-9.5    852
-8.5    764
-7.5    693
-6.5    538
-5.5    531
-4.5    441
-3.5    391
-2.5    332
-1.5    339
-0.5    290
0.5    243
1.5    264
2.5    197
3.5    182
4.5    168
5.5    166
6.5    123
7.5    125
8.5    107
9.5    111
10.5    88
11.5    75
12.5    56
13.5    46
14.5    49
15.5    43
16.5    37
17.5    30
18.5    21
19.5    32
20.5    25
21.5    21
22.5    26
23.5    21
24.5    12
25.5    16
26.5    9
27.5    12
28.5    14
29.5    11
30.5    14
