-38.5    13
-37.5    18
-36.5    24
-35.5    23
-34.5    20
-33.5    42
-32.5    59
-31.5    74
-30.5    83
-29.5    125
-28.5    142
-27.5    158
-26.5    200
-25.5    287
-24.5    371
-23.5    455
-22.5    554
-21.5    617
-20.5    767
-19.5    870
-18.5    848
-17.5    1034
-16.5    1095
-15.5    1041
-14.5    1168
-13.5    1087
-12.5    983
-11.5    1015
-10.5    967
-9.5    816
-8.5    755
-7.5    617
-6.5    599
-5.5    498
-4.5    434
-3.5    371
-2.5    323
-1.5    236
-0.5    212
0.5    191
1.5    137
2.5    109
3.5    110
4.5    101
5.5    85
6.5    86
7.5    71
8.5    44
9.5    57
10.5    57
11.5    41
12.5    43
13.5    26
14.5    21
15.5    29
16.5    29
17.5    20
18.5    20
19.5    20
20.5    21
21.5    17
22.5    15
23.5    7
24.5    11
25.5    16
26.5    6
27.5    20
28.5    7
29.5    11
30.5    18
