-38.5    8
-37.5    5
-36.5    6
-35.5    12
-34.5    7
-33.5    16
-32.5    26
-31.5    21
-30.5    27
-29.5    34
-28.5    50
-27.5    60
-26.5    69
-25.5    79
-24.5    79
-23.5    83
-22.5    123
-21.5    129
-20.5    158
-19.5    140
-18.5    206
-17.5    207
-16.5    211
-15.5    226
-14.5    212
-13.5    253
-12.5    238
-11.5    325
-10.5    360
-9.5    363
-8.5    432
-7.5    462
-6.5    509
-5.5    561
-4.5    615
-3.5    655
-2.5    766
-1.5    718
-0.5    791
0.5    812
1.5    660
2.5    810
3.5    711
4.5    582
5.5    606
6.5    528
7.5    386
8.5    391
9.5    314
10.5    252
11.5    234
12.5    172
13.5    113
14.5    115
15.5    71
16.5    60
17.5    44
18.5    32
19.5    28
20.5    21
21.5    18
22.5    20
23.5    11
24.5    14
25.5    9
26.5    8
27.5    4
28.5    4
29.5    5
30.5    4
