-38.5    13
-37.5    14
-36.5    14
-35.5    21
-34.5    23
-33.5    29
-32.5    61
-31.5    71
-30.5    73
-29.5    144
-28.5    168
-27.5    184
-26.5    287
-25.5    324
-24.5    385
-23.5    457
-22.5    569
-21.5    634
-20.5    781
-19.5    929
-18.5    962
-17.5    1080
-16.5    1125
-15.5    1125
-14.5    1150
-13.5    1201
-12.5    1168
-11.5    1043
-10.5    945
-9.5    892
-8.5    788
-7.5    681
-6.5    499
-5.5    514
-4.5    404
-3.5    333
-2.5    265
-1.5    207
-0.5    178
0.5    149
1.5    125
2.5    106
3.5    92
4.5    76
5.5    57
6.5    51
7.5    38
8.5    41
9.5    41
10.5    30
11.5    30
12.5    24
13.5    24
14.5    23
15.5    10
16.5    21
17.5    14
18.5    14
19.5    17
20.5    8
21.5    17
22.5    18
23.5    9
24.5    4
25.5    11
26.5    10
27.5    9
28.5    7
29.5    12
30.5    6
