-38.5    9
-37.5    12
-36.5    14
-35.5    21
-34.5    50
-33.5    34
-32.5    47
-31.5    58
-30.5    66
-29.5    86
-28.5    144
-27.5    186
-26.5    219
-25.5    316
-24.5    345
-23.5    430
-22.5    517
-21.5    630
-20.5    727
-19.5    848
-18.5    899
-17.5    888
-16.5    1020
-15.5    1057
-14.5    1076
-13.5    1036
-12.5    958
-11.5    994
-10.5    867
-9.5    747
-8.5    769
-7.5    672
-6.5    566
-5.5    565
-4.5    464
-3.5    397
-2.5    344
-1.5    326
-0.5    286
0.5    257
1.5    252
2.5    255
3.5    203
4.5    212
5.5    171
6.5    161
7.5    158
8.5    129
9.5    101
10.5    91
11.5    83
12.5    69
13.5    58
14.5    51
15.5    44
16.5    34
17.5    37
18.5    31
19.5    21
20.5    28
21.5    16
22.5    13
23.5    9
24.5    11
25.5    17
26.5    16
27.5    18
28.5    13
29.5    9
30.5    9
