-38.5    10
-37.5    17
-36.5    24
-35.5    23
-34.5    28
-33.5    51
-32.5    56
-31.5    63
-30.5    90
-29.5    109
-28.5    129
-27.5    179
-26.5    203
-25.5    300
-24.5    359
-23.5    450
-22.5    549
-21.5    643
-20.5    754
-19.5    889
-18.5    903
-17.5    1020
-16.5    1125
-15.5    1089
-14.5    1156
-13.5    1102
-12.5    989
-11.5    1070
-10.5    904
-9.5    853
-8.5    776
-7.5    620
-6.5    587
-5.5    506
-4.5    421
-3.5    353
-2.5    294
-1.5    224
-0.5    222
0.5    215
1.5    124
2.5    125
3.5    120
4.5    85
5.5    75
6.5    72
7.5    61
8.5    57
9.5    51
10.5    46
11.5    41
12.5    45
13.5    33
14.5    28
15.5    28
16.5    31
17.5    19
18.5    24
19.5    25
20.5    26
21.5    16
22.5    22
23.5    14
24.5    16
25.5    24
26.5    10
27.5    15
28.5    8
29.5    7
30.5    12
