-38.5    12
-37.5    11
-36.5    16
-35.5    18
-34.5    15
-33.5    22
-32.5    23
-31.5    41
-30.5    80
-29.5    73
-28.5    110
-27.5    138
-26.5    137
-25.5    241
-24.5    277
-23.5    306
-22.5    360
-21.5    396
-20.5    477
-19.5    555
-18.5    599
-17.5    610
-16.5    681
-15.5    651
-14.5    644
-13.5    705
-12.5    717
-11.5    641
-10.5    638
-9.5    616
-8.5    611
-7.5    583
-6.5    619
-5.5    632
-4.5    625
-3.5    633
-2.5    671
-1.5    672
-0.5    706
0.5    648
1.5    662
2.5    696
3.5    591
4.5    619
5.5    514
6.5    435
7.5    385
8.5    364
9.5    303
10.5    287
11.5    225
12.5    159
13.5    148
14.5    126
15.5    85
16.5    64
17.5    55
18.5    40
19.5    31
20.5    26
21.5    19
22.5    12
23.5    24
24.5    10
25.5    22
26.5    8
27.5    12
28.5    7
29.5    4
30.5    2
