-38.5    12
-37.5    16
-36.5    26
-35.5    23
-34.5    29
-33.5    34
-32.5    51
-31.5    65
-30.5    80
-29.5    105
-28.5    134
-27.5    190
-26.5    235
-25.5    279
-24.5    349
-23.5    477
-22.5    530
-21.5    670
-20.5    757
-19.5    864
-18.5    967
-17.5    1113
-16.5    1125
-15.5    1136
-14.5    1252
-13.5    1124
-12.5    1124
-11.5    1079
-10.5    1021
-9.5    837
-8.5    798
-7.5    701
-6.5    599
-5.5    507
-4.5    374
-3.5    309
-2.5    289
-1.5    232
-0.5    197
0.5    139
1.5    113
2.5    108
3.5    79
4.5    55
5.5    70
6.5    54
7.5    54
8.5    36
9.5    36
10.5    20
11.5    23
12.5    25
13.5    22
14.5    19
15.5    21
16.5    8
17.5    19
18.5    17
19.5    14
20.5    9
21.5    14
22.5    13
23.5    12
24.5    11
25.5    8
26.5    10
27.5    14
28.5    8
29.5    9
30.5    11
