-38.5    9
-37.5    7
-36.5    12
-35.5    18
-34.5    15
-33.5    38
-32.5    33
-31.5    40
-30.5    77
-29.5    79
-28.5    107
-27.5    137
-26.5    148
-25.5    239
-24.5    272
-23.5    305
-22.5    405
-21.5    392
-20.5    435
-19.5    538
-18.5    589
-17.5    588
-16.5    675
-15.5    630
-14.5    618
-13.5    710
-12.5    688
-11.5    637
-10.5    700
-9.5    603
-8.5    607
-7.5    596
-6.5    564
-5.5    670
-4.5    646
-3.5    631
-2.5    683
-1.5    683
-0.5    739
0.5    662
1.5    667
2.5    720
3.5    639
4.5    590
5.5    559
6.5    436
7.5    410
8.5    344
9.5    289
10.5    258
11.5    220
12.5    163
13.5    166
14.5    123
15.5    85
16.5    74
17.5    67
18.5    48
19.5    35
20.5    31
21.5    18
22.5    26
23.5    22
24.5    10
25.5    18
26.5    12
27.5    12
28.5    9
29.5    5
30.5    3
