-38.5    8
-37.5    13
-36.5    12
-35.5    21
-34.5    28
-33.5    49
-32.5    48
-31.5    59
-30.5    92
-29.5    100
-28.5    158
-27.5    205
-26.5    260
-25.5    321
-24.5    375
-23.5    437
-22.5    524
-21.5    635
-20.5    777
-19.5    918
-18.5    947
-17.5    1044
-16.5    1097
-15.5    1108
-14.5    1104
-13.5    1102
-12.5    1088
-11.5    1066
-10.5    927
-9.5    824
-8.5    834
-7.5    651
-6.5    564
-5.5    521
-4.5    414
-3.5    338
-2.5    295
-1.5    245
-0.5    182
0.5    159
1.5    132
2.5    126
3.5    103
4.5    88
5.5    81
6.5    67
7.5    74
8.5    57
9.5    55
10.5    37
11.5    36
12.5    26
13.5    40
14.5    23
15.5    15
16.5    24
17.5    21
18.5    20
19.5    18
20.5    21
21.5    22
22.5    16
23.5    14
24.5    15
25.5    16
26.5    8
27.5    8
28.5    19
29.5    8
30.5    11
