-38.5    7
-37.5    24
-36.5    13
-35.5    20
-34.5    34
-33.5    25
-32.5    52
-31.5    62
-30.5    78
-29.5    113
-28.5    122
-27.5    193
-26.5    220
-25.5    280
-24.5    376
-23.5    453
-22.5    516
-21.5    633
-20.5    742
-19.5    843
-18.5    938
-17.5    1036
-16.5    1053
-15.5    1020
-14.5    1152
-13.5    1115
-12.5    974
-11.5    1054
-10.5    936
-9.5    830
-8.5    760
-7.5    628
-6.5    571
-5.5    505
-4.5    419
-3.5    346
-2.5    288
-1.5    251
-0.5    211
0.5    203
1.5    175
2.5    189
3.5    141
4.5    135
5.5    100
6.5    113
7.5    76
8.5    82
9.5    84
10.5    67
11.5    53
12.5    57
13.5    43
14.5    34
15.5    34
16.5    30
17.5    29
18.5    22
19.5    23
20.5    14
21.5    14
22.5    17
23.5    17
24.5    11
25.5    10
26.5    16
27.5    12
28.5    8
29.5    10
30.5    8
