-38.5    10
-37.5    13
-36.5    26
-35.5    24
-34.5    29
-33.5    32
-32.5    55
-31.5    60
-30.5    69
-29.5    116
-28.5    139
-27.5    181
-26.5    227
-25.5    307
-24.5    312
-23.5    479
-22.5    553
-21.5    628
-20.5    776
-19.5    871
-18.5    946
-17.5    1077
-16.5    1127
-15.5    1111
-14.5    1250
-13.5    1137
-12.5    1108
-11.5    1071
-10.5    1008
-9.5    866
-8.5    823
-7.5    688
-6.5    587
-5.5    538
-4.5    396
-3.5    330
-2.5    282
-1.5    218
-0.5    208
0.5    148
1.5    114
2.5    104
3.5    84
4.5    75
5.5    69
6.5    59
7.5    54
8.5    38
9.5    30
10.5    24
11.5    28
12.5    22
13.5    24
14.5    20
15.5    18
16.5    13
17.5    20
18.5    14
19.5    12
20.5    13
21.5    20
22.5    13
23.5    8
24.5    15
25.5    9
26.5    11
27.5    17
28.5    9
29.5    11
30.5    8
