-38.5    6
-37.5    14
-36.5    26
-35.5    18
-34.5    36
-33.5    40
-32.5    41
-31.5    64
-30.5    75
-29.5    91
-28.5    136
-27.5    199
-26.5    217
-25.5    320
-24.5    353
-23.5    469
-22.5    543
-21.5    610
-20.5    712
-19.5    821
-18.5    855
-17.5    976
-16.5    1043
-15.5    1061
-14.5    1136
-13.5    1010
-12.5    922
-11.5    973
-10.5    905
-9.5    823
-8.5    737
-7.5    670
-6.5    548
-5.5    554
-4.5    464
-3.5    397
-2.5    339
-1.5    328
-0.5    297
0.5    254
1.5    237
2.5    236
3.5    209
4.5    170
5.5    162
6.5    145
7.5    138
8.5    117
9.5    114
10.5    88
11.5    81
12.5    67
13.5    57
14.5    49
15.5    53
16.5    33
17.5    32
18.5    26
19.5    29
20.5    26
21.5    18
22.5    20
23.5    15
24.5    14
25.5    20
26.5    14
27.5    16
28.5    12
29.5    12
30.5    18
