-38.5    14
-37.5    8
-36.5    13
-35.5    19
-34.5    29
-33.5    36
-32.5    55
-31.5    63
-30.5    94
-29.5    104
-28.5    174
-27.5    207
-26.5    258
-25.5    320
-24.5    347
-23.5    446
-22.5    520
-21.5    652
-20.5    766
-19.5    895
-18.5    935
-17.5    1008
-16.5    1128
-15.5    1088
-14.5    1134
-13.5    1084
-12.5    1088
-11.5    1063
-10.5    908
-9.5    841
-8.5    752
-7.5    644
-6.5    574
-5.5    505
-4.5    408
-3.5    335
-2.5    283
-1.5    217
-0.5    201
0.5    159
1.5    132
2.5    143
3.5    98
4.5    95
5.5    81
6.5    74
7.5    77
8.5    58
9.5    56
10.5    42
11.5    40
12.5    27
13.5    36
14.5    29
15.5    21
16.5    22
17.5    20
18.5    22
19.5    16
20.5    21
21.5    19
22.5    19
23.5    15
24.5    16
25.5    8
26.5    10
27.5    10
28.5    18
29.5    8
30.5    9
