-38.5    9
-37.5    13
-36.5    18
-35.5    15
-34.5    22
-33.5    34
-32.5    39
-31.5    67
-30.5    71
-29.5    134
-28.5    152
-27.5    192
-26.5    267
-25.5    310
-24.5    354
-23.5    469
-22.5    573
-21.5    641
-20.5    780
-19.5    908
-18.5    938
-17.5    1067
-16.5    1079
-15.5    1157
-14.5    1099
-13.5    1203
-12.5    1153
-11.5    1068
-10.5    968
-9.5    936
-8.5    830
-7.5    662
-6.5    542
-5.5    487
-4.5    358
-3.5    368
-2.5    277
-1.5    213
-0.5    189
0.5    168
1.5    117
2.5    115
3.5    100
4.5    63
5.5    59
6.5    52
7.5    49
8.5    40
9.5    43
10.5    24
11.5    27
12.5    21
13.5    24
14.5    22
15.5    18
16.5    12
17.5    13
18.5    14
19.5    14
20.5    6
21.5    8
22.5    14
23.5    4
24.5    6
25.5    14
26.5    8
27.5    10
28.5    8
29.5    13
30.5    9
