-38.5    15
-37.5    7
-36.5    13
-35.5    23
-34.5    40
-33.5    47
-32.5    33
-31.5    57
-30.5    73
-29.5    88
-28.5    149
-27.5    178
-26.5    216
-25.5    304
-24.5    350
-23.5    399
-22.5    509
-21.5    601
-20.5    727
-19.5    820
-18.5    853
-17.5    861
-16.5    1008
-15.5    1014
-14.5    1048
-13.5    1042
-12.5    962
-11.5    986
-10.5    932
-9.5    781
-8.5    722
-7.5    668
-6.5    568
-5.5    522
-4.5    434
-3.5    414
-2.5    373
-1.5    338
-0.5    285
0.5    286
1.5    283
2.5    255
3.5    214
4.5    239
5.5    187
6.5    151
7.5    173
8.5    141
9.5    93
10.5    104
11.5    80
12.5    75
13.5    63
14.5    48
15.5    34
16.5    33
17.5    42
18.5    27
19.5    22
20.5    28
21.5    21
22.5    16
23.5    14
24.5    14
25.5    14
26.5    13
27.5    20
28.5    11
29.5    10
30.5    7
