-38.5    11
-37.5    9
-36.5    23
-35.5    17
-34.5    27
-33.5    40
-32.5    43
-31.5    53
-30.5    71
-29.5    97
-28.5    138
-27.5    142
-26.5    214
-25.5    279
-24.5    301
-23.5    411
-22.5    491
-21.5    513
-20.5    673
-19.5    777
-18.5    754
-17.5    858
-16.5    931
-15.5    912
-14.5    920
-13.5    902
-12.5    919
-11.5    874
-10.5    848
-9.5    740
-8.5    722
-7.5    584
-6.5    584
-5.5    511
-4.5    483
-3.5    425
-2.5    375
-1.5    393
-0.5    359
0.5    330
1.5    334
2.5    284
3.5    280
4.5    272
5.5    239
6.5    201
7.5    231
8.5    176
9.5    165
10.5    137
11.5    110
12.5    85
13.5    78
14.5    54
15.5    53
16.5    36
17.5    34
18.5    32
19.5    29
20.5    20
21.5    19
22.5    19
23.5    14
24.5    16
25.5    12
26.5    15
27.5    10
28.5    7
29.5    14
30.5    3
