-38.5    10
-37.5    9
-36.5    7
-35.5    12
-34.5    12
-33.5    13
-32.5    16
-31.5    15
-30.5    32
-29.5    31
-28.5    34
-27.5    52
-26.5    68
-25.5    59
-24.5    84
-23.5    112
-22.5    90
-21.5    123
-20.5    106
-19.5    143
-18.5    185
-17.5    166
-16.5    167
-15.5    207
-14.5    208
-13.5    227
-12.5    258
-11.5    242
-10.5    293
-9.5    289
-8.5    402
-7.5    394
-6.5    423
-5.5    483
-4.5    553
-3.5    599
-2.5    626
-1.5    624
-0.5    665
0.5    707
1.5    644
2.5    660
3.5    616
4.5    487
5.5    543
6.5    491
7.5    360
8.5    337
9.5    283
10.5    227
11.5    209
12.5    163
13.5    110
14.5    79
15.5    76
16.5    64
17.5    54
18.5    33
19.5    23
20.5    26
21.5    18
22.5    8
23.5    8
24.5    13
25.5    5
26.5    6
27.5    5
28.5    6
29.5    7
30.5    2
