-38.5    6
-37.5    10
-36.5    13
-35.5    21
-34.5    26
-33.5    35
-32.5    32
-31.5    57
-30.5    59
-29.5    72
-28.5    81
-27.5    132
-26.5    161
-25.5    206
-24.5    241
-23.5    265
-22.5    358
-21.5    419
-20.5    431
-19.5    537
-18.5    551
-17.5    538
-16.5    662
-15.5    632
-14.5    601
-13.5    678
-12.5    643
-11.5    601
-10.5    599
-9.5    591
-8.5    617
-7.5    647
-6.5    652
-5.5    665
-4.5    638
-3.5    765
-2.5    773
-1.5    736
-0.5    802
0.5    749
1.5    706
2.5    772
3.5    672
4.5    627
5.5    591
6.5    484
7.5    526
8.5    419
9.5    357
10.5    297
11.5    245
12.5    187
13.5    149
14.5    147
15.5    93
16.5    81
17.5    63
18.5    49
19.5    32
20.5    34
21.5    29
22.5    26
23.5    21
24.5    8
25.5    10
26.5    24
27.5    16
28.5    7
29.5    7
30.5    6
