-38.5    16
-37.5    15
-36.5    14
-35.5    23
-34.5    29
-33.5    31
-32.5    56
-31.5    69
-30.5    86
-29.5    116
-28.5    167
-27.5    190
-26.5    251
-25.5    306
-24.5    406
-23.5    468
-22.5    559
-21.5    670
-20.5    746
-19.5    918
-18.5    943
-17.5    1066
-16.5    1139
-15.5    1126
-14.5    1242
-13.5    1194
-12.5    1148
-11.5    1041
-10.5    985
-9.5    867
-8.5    782
-7.5    701
-6.5    537
-5.5    553
-4.5    427
-3.5    330
-2.5    279
-1.5    213
-0.5    199
0.5    152
1.5    107
2.5    99
3.5    92
4.5    89
5.5    59
6.5    50
7.5    44
8.5    40
9.5    37
10.5    45
11.5    31
12.5    18
13.5    23
14.5    17
15.5    17
16.5    23
17.5    11
18.5    17
19.5    16
20.5    18
21.5    22
22.5    18
23.5    8
24.5    8
25.5    6
26.5    14
27.5    16
28.5    11
29.5    11
30.5    5
