-38.5    11
-37.5    16
-36.5    25
-35.5    19
-34.5    19
-33.5    49
-32.5    53
-31.5    69
-30.5    97
-29.5    113
-28.5    161
-27.5    188
-26.5    224
-25.5    284
-24.5    394
-23.5    495
-22.5    597
-21.5    638
-20.5    780
-19.5    842
-18.5    920
-17.5    1049
-16.5    1096
-15.5    1141
-14.5    1178
-13.5    1216
-12.5    1102
-11.5    1036
-10.5    925
-9.5    844
-8.5    784
-7.5    666
-6.5    554
-5.5    568
-4.5    379
-3.5    368
-2.5    312
-1.5    219
-0.5    183
0.5    168
1.5    132
2.5    101
3.5    89
4.5    71
5.5    70
6.5    58
7.5    52
8.5    41
9.5    36
10.5    39
11.5    27
12.5    34
13.5    17
14.5    18
15.5    16
16.5    28
17.5    22
18.5    17
19.5    21
20.5    17
21.5    20
22.5    11
23.5    18
24.5    11
25.5    13
26.5    11
27.5    10
28.5    15
29.5    5
30.5    8
