-38.5    15
-37.5    3
-36.5    17
-35.5    21
-34.5    25
-33.5    36
-32.5    40
-31.5    47
-30.5    56
-29.5    87
-28.5    107
-27.5    163
-26.5    161
-25.5    253
-24.5    279
-23.5    325
-22.5    410
-21.5    433
-20.5    526
-19.5    581
-18.5    566
-17.5    659
-16.5    759
-15.5    669
-14.5    759
-13.5    689
-12.5    670
-11.5    662
-10.5    718
-9.5    685
-8.5    631
-7.5    622
-6.5    614
-5.5    584
-4.5    586
-3.5    600
-2.5    566
-1.5    555
-0.5    591
0.5    585
1.5    637
2.5    595
3.5    504
4.5    548
5.5    479
6.5    398
7.5    349
8.5    312
9.5    274
10.5    216
11.5    161
12.5    146
13.5    134
14.5    115
15.5    92
16.5    72
17.5    58
18.5    29
19.5    31
20.5    23
21.5    22
22.5    17
23.5    10
24.5    12
25.5    15
26.5    14
27.5    5
28.5    7
29.5    12
30.5    5
