-38.5    18
-37.5    6
-36.5    18
-35.5    17
-34.5    26
-33.5    55
-32.5    34
-31.5    65
-30.5    81
-29.5    85
-28.5    138
-27.5    187
-26.5    208
-25.5    289
-24.5    343
-23.5    401
-22.5    498
-21.5    586
-20.5    699
-19.5    751
-18.5    762
-17.5    928
-16.5    989
-15.5    962
-14.5    1015
-13.5    1044
-12.5    931
-11.5    958
-10.5    945
-9.5    807
-8.5    719
-7.5    636
-6.5    560
-5.5    509
-4.5    435
-3.5    418
-2.5    407
-1.5    366
-0.5    305
0.5    295
1.5    286
2.5    270
3.5    257
4.5    241
5.5    205
6.5    152
7.5    173
8.5    132
9.5    93
10.5    109
11.5    74
12.5    84
13.5    73
14.5    60
15.5    32
16.5    31
17.5    36
18.5    26
19.5    24
20.5    27
21.5    18
22.5    18
23.5    16
24.5    13
25.5    19
26.5    14
27.5    17
28.5    14
29.5    9
30.5    10
