-38.5    11
-37.5    15
-36.5    16
-35.5    28
-34.5    27
-33.5    33
-32.5    25
-31.5    54
-30.5    69
-29.5    82
-28.5    76
-27.5    138
-26.5    147
-25.5    224
-24.5    230
-23.5    283
-22.5    354
-21.5    387
-20.5    452
-19.5    560
-18.5    573
-17.5    571
-16.5    639
-15.5    644
-14.5    631
-13.5    694
-12.5    651
-11.5    610
-10.5    598
-9.5    560
-8.5    614
-7.5    632
-6.5    653
-5.5    627
-4.5    617
-3.5    783
-2.5    740
-1.5    724
-0.5    752
0.5    743
1.5    706
2.5    746
3.5    662
4.5    623
5.5    594
6.5    472
7.5    492
8.5    393
9.5    330
10.5    295
11.5    252
12.5    167
13.5    135
14.5    136
15.5    73
16.5    87
17.5    64
18.5    54
19.5    31
20.5    32
21.5    28
22.5    30
23.5    21
24.5    7
25.5    13
26.5    18
27.5    9
28.5    7
29.5    11
30.5    6
