-38.5    11
-37.5    11
-36.5    10
-35.5    10
-34.5    10
-33.5    19
-32.5    21
-31.5    23
-30.5    45
-29.5    38
-28.5    48
-27.5    67
-26.5    64
-25.5    86
-24.5    92
-23.5    113
-22.5    117
-21.5    174
-20.5    175
-19.5    200
-18.5    241
-17.5    226
-16.5    247
-15.5    272
-14.5    280
-13.5    316
-12.5    300
-11.5    332
-10.5    370
-9.5    379
-8.5    499
-7.5    501
-6.5    547
-5.5    659
-4.5    670
-3.5    719
-2.5    771
-1.5    805
-0.5    851
0.5    879
1.5    790
2.5    848
3.5    815
4.5    706
5.5    671
6.5    581
7.5    471
8.5    437
9.5    346
10.5    268
11.5    268
12.5    196
13.5    154
14.5    135
15.5    79
16.5    67
17.5    55
18.5    52
19.5    38
20.5    24
21.5    17
22.5    17
23.5    20
24.5    14
25.5    10
26.5    4
27.5    6
28.5    5
29.5    9
30.5    7
