-38.5    14
-37.5    10
-36.5    25
-35.5    20
-34.5    32
-33.5    35
-32.5    45
-31.5    69
-30.5    92
-29.5    121
-28.5    153
-27.5    172
-26.5    247
-25.5    299
-24.5    361
-23.5    420
-22.5    570
-21.5    616
-20.5    754
-19.5    835
-18.5    1011
-17.5    1084
-16.5    1066
-15.5    1137
-14.5    1186
-13.5    1192
-12.5    1085
-11.5    1065
-10.5    914
-9.5    898
-8.5    797
-7.5    706
-6.5    590
-5.5    541
-4.5    417
-3.5    323
-2.5    294
-1.5    219
-0.5    182
0.5    138
1.5    131
2.5    87
3.5    86
4.5    55
5.5    52
6.5    49
7.5    44
8.5    35
9.5    24
10.5    24
11.5    28
12.5    27
13.5    25
14.5    21
15.5    25
16.5    17
17.5    14
18.5    17
19.5    12
20.5    16
21.5    11
22.5    10
23.5    15
24.5    8
25.5    14
26.5    9
27.5    15
28.5    9
29.5    8
30.5    12
