-38.5    9
-37.5    4
-36.5    18
-35.5    24
-34.5    25
-33.5    33
-32.5    40
-31.5    55
-30.5    64
-29.5    73
-28.5    120
-27.5    158
-26.5    170
-25.5    230
-24.5    283
-23.5    346
-22.5    405
-21.5    416
-20.5    546
-19.5    607
-18.5    544
-17.5    679
-16.5    766
-15.5    721
-14.5    759
-13.5    765
-12.5    675
-11.5    722
-10.5    732
-9.5    655
-8.5    625
-7.5    629
-6.5    629
-5.5    568
-4.5    579
-3.5    618
-2.5    563
-1.5    554
-0.5    594
0.5    570
1.5    583
2.5    545
3.5    488
4.5    500
5.5    442
6.5    361
7.5    353
8.5    298
9.5    264
10.5    192
11.5    164
12.5    153
13.5    118
14.5    125
15.5    78
16.5    65
17.5    47
18.5    30
19.5    27
20.5    28
21.5    22
22.5    12
23.5    13
24.5    11
25.5    13
26.5    12
27.5    10
28.5    5
29.5    8
30.5    7
