-38.5    8
-37.5    24
-36.5    22
-35.5    20
-34.5    36
-33.5    41
-32.5    38
-31.5    69
-30.5    84
-29.5    111
-28.5    133
-27.5    173
-26.5    225
-25.5    299
-24.5    338
-23.5    422
-22.5    549
-21.5    640
-20.5    702
-19.5    833
-18.5    903
-17.5    998
-16.5    1045
-15.5    1011
-14.5    1152
-13.5    1151
-12.5    1070
-11.5    1008
-10.5    936
-9.5    842
-8.5    766
-7.5    702
-6.5    556
-5.5    528
-4.5    416
-3.5    386
-2.5    300
-1.5    281
-0.5    257
0.5    205
1.5    187
2.5    175
3.5    144
4.5    162
5.5    109
6.5    96
7.5    96
8.5    84
9.5    72
10.5    79
11.5    58
12.5    55
13.5    42
14.5    36
15.5    30
16.5    32
17.5    20
18.5    35
19.5    27
20.5    19
21.5    24
22.5    24
23.5    12
24.5    19
25.5    12
26.5    15
27.5    14
28.5    10
29.5    7
30.5    12
