-38.5    10
-37.5    6
-36.5    11
-35.5    13
-34.5    11
-33.5    18
-32.5    17
-31.5    15
-30.5    26
-29.5    32
-28.5    36
-27.5    49
-26.5    61
-25.5    50
-24.5    87
-23.5    100
-22.5    113
-21.5    129
-20.5    128
-19.5    133
-18.5    191
-17.5    202
-16.5    189
-15.5    206
-14.5    215
-13.5    253
-12.5    241
-11.5    285
-10.5    322
-9.5    331
-8.5    428
-7.5    410
-6.5    471
-5.5    544
-4.5    569
-3.5    620
-2.5    682
-1.5    680
-0.5    747
0.5    754
1.5    646
2.5    751
3.5    664
4.5    532
5.5    574
6.5    517
7.5    389
8.5    372
9.5    295
10.5    244
11.5    208
12.5    169
13.5    104
14.5    96
15.5    71
16.5    59
17.5    47
18.5    34
19.5    31
20.5    17
21.5    18
22.5    15
23.5    11
24.5    12
25.5    7
26.5    9
27.5    2
28.5    5
29.5    5
30.5    4
