-38.5    1
-37.5    19
-36.5    20
-35.5    12
-34.5    21
-33.5    24
-32.5    34
-31.5    30
-30.5    40
-29.5    52
-28.5    79
-27.5    82
-26.5    100
-25.5    124
-24.5    190
-23.5    214
-22.5    239
-21.5    280
-20.5    323
-19.5    373
-18.5    476
-17.5    378
-16.5    458
-15.5    521
-14.5    424
-13.5    514
-12.5    503
-11.5    506
-10.5    529
-9.5    559
-8.5    621
-7.5    645
-6.5    662
-5.5    761
-4.5    777
-3.5    829
-2.5    944
-1.5    843
-0.5    1002
0.5    907
1.5    916
2.5    924
3.5    816
4.5    760
5.5    749
6.5    593
7.5    531
8.5    515
9.5    386
10.5    333
11.5    286
12.5    195
13.5    167
14.5    142
15.5    97
16.5    84
17.5    65
18.5    58
19.5    41
20.5    26
21.5    21
22.5    19
23.5    12
24.5    17
25.5    7
26.5    12
27.5    12
28.5    4
29.5    9
30.5    13
