-38.5    11
-37.5    12
-36.5    28
-35.5    26
-34.5    36
-33.5    41
-32.5    40
-31.5    64
-30.5    94
-29.5    108
-28.5    129
-27.5    192
-26.5    243
-25.5    286
-24.5    380
-23.5    447
-22.5    539
-21.5    684
-20.5    737
-19.5    873
-18.5    944
-17.5    1110
-16.5    1141
-15.5    1164
-14.5    1208
-13.5    1097
-12.5    1128
-11.5    1051
-10.5    993
-9.5    870
-8.5    769
-7.5    670
-6.5    572
-5.5    520
-4.5    400
-3.5    306
-2.5    295
-1.5    235
-0.5    178
0.5    158
1.5    121
2.5    108
3.5    85
4.5    60
5.5    76
6.5    50
7.5    52
8.5    43
9.5    31
10.5    20
11.5    21
12.5    21
13.5    19
14.5    14
15.5    21
16.5    14
17.5    19
18.5    12
19.5    14
20.5    8
21.5    13
22.5    11
23.5    17
24.5    9
25.5    5
26.5    10
27.5    8
28.5    11
29.5    11
30.5    8
