-38.5    6
-37.5    3
-36.5    6
-35.5    9
-34.5    8
-33.5    11
-32.5    17
-31.5    18
-30.5    18
-29.5    30
-28.5    34
-27.5    39
-26.5    51
-25.5    53
-24.5    75
-23.5    93
-22.5    90
-21.5    118
-20.5    101
-19.5    110
-18.5    141
-17.5    120
-16.5    114
-15.5    168
-14.5    129
-13.5    132
-12.5    153
-11.5    137
-10.5    188
-9.5    204
-8.5    227
-7.5    233
-6.5    252
-5.5    338
-4.5    379
-3.5    360
-2.5    430
-1.5    442
-0.5    437
0.5    486
1.5    431
2.5    415
3.5    451
4.5    364
5.5    360
6.5    349
7.5    244
8.5    219
9.5    199
10.5    145
11.5    136
12.5    101
13.5    78
14.5    64
15.5    43
16.5    33
17.5    33
18.5    22
19.5    23
20.5    14
21.5    15
22.5    11
23.5    7
24.5    6
25.5    12
26.5    9
27.5    5
28.5    5
29.5    2
30.5    2
