-38.5    6
-37.5    16
-36.5    7
-35.5    19
-34.5    31
-33.5    35
-32.5    40
-31.5    55
-30.5    81
-29.5    80
-28.5    125
-27.5    174
-26.5    189
-25.5    253
-24.5    341
-23.5    345
-22.5    424
-21.5    500
-20.5    587
-19.5    646
-18.5    742
-17.5    783
-16.5    871
-15.5    822
-14.5    862
-13.5    867
-12.5    780
-11.5    817
-10.5    797
-9.5    678
-8.5    686
-7.5    621
-6.5    562
-5.5    514
-4.5    539
-3.5    528
-2.5    483
-1.5    463
-0.5    480
0.5    438
1.5    465
2.5    431
3.5    365
4.5    396
5.5    355
6.5    305
7.5    267
8.5    266
9.5    178
10.5    182
11.5    130
12.5    118
13.5    101
14.5    91
15.5    56
16.5    43
17.5    49
18.5    32
19.5    31
20.5    23
21.5    17
22.5    25
23.5    10
24.5    20
25.5    15
26.5    11
27.5    13
28.5    10
29.5    8
30.5    4
