-38.5    5
-37.5    17
-36.5    18
-35.5    31
-34.5    33
-33.5    39
-32.5    60
-31.5    44
-30.5    80
-29.5    121
-28.5    143
-27.5    202
-26.5    231
-25.5    307
-24.5    365
-23.5    438
-22.5    537
-21.5    584
-20.5    751
-19.5    881
-18.5    884
-17.5    881
-16.5    1038
-15.5    1024
-14.5    1111
-13.5    1111
-12.5    963
-11.5    994
-10.5    944
-9.5    823
-8.5    777
-7.5    744
-6.5    559
-5.5    527
-4.5    451
-3.5    380
-2.5    331
-1.5    332
-0.5    281
0.5    230
1.5    250
2.5    192
3.5    170
4.5    182
5.5    146
6.5    117
7.5    112
8.5    89
9.5    88
10.5    85
11.5    61
12.5    55
13.5    51
14.5    48
15.5    40
16.5    37
17.5    28
18.5    23
19.5    31
20.5    28
21.5    17
22.5    21
23.5    16
24.5    14
25.5    12
26.5    7
27.5    12
28.5    19
29.5    10
30.5    10
