-38.5    14
-37.5    19
-36.5    18
-35.5    8
-34.5    24
-33.5    27
-32.5    34
-31.5    61
-30.5    72
-29.5    106
-28.5    109
-27.5    160
-26.5    181
-25.5    262
-24.5    287
-23.5    365
-22.5    448
-21.5    546
-20.5    607
-19.5    764
-18.5    717
-17.5    842
-16.5    874
-15.5    843
-14.5    918
-13.5    982
-12.5    862
-11.5    836
-10.5    811
-9.5    720
-8.5    720
-7.5    619
-6.5    573
-5.5    525
-4.5    472
-3.5    478
-2.5    441
-1.5    430
-0.5    427
0.5    393
1.5    386
2.5    388
3.5    308
4.5    314
5.5    295
6.5    254
7.5    234
8.5    198
9.5    161
10.5    153
11.5    124
12.5    105
13.5    80
14.5    66
15.5    58
16.5    44
17.5    33
18.5    39
19.5    31
20.5    24
21.5    25
22.5    21
23.5    16
24.5    19
25.5    15
26.5    9
27.5    6
28.5    15
29.5    10
30.5    7
