-38.5    13
-37.5    18
-36.5    16
-35.5    27
-34.5    21
-33.5    36
-32.5    46
-31.5    59
-30.5    101
-29.5    96
-28.5    149
-27.5    168
-26.5    222
-25.5    290
-24.5    396
-23.5    457
-22.5    543
-21.5    631
-20.5    755
-19.5    903
-18.5    953
-17.5    1074
-16.5    1058
-15.5    1046
-14.5    1131
-13.5    1172
-12.5    1098
-11.5    1080
-10.5    943
-9.5    915
-8.5    795
-7.5    665
-6.5    577
-5.5    498
-4.5    393
-3.5    356
-2.5    291
-1.5    218
-0.5    204
0.5    162
1.5    128
2.5    96
3.5    94
4.5    76
5.5    62
6.5    50
7.5    63
8.5    44
9.5    48
10.5    37
11.5    42
12.5    34
13.5    35
14.5    27
15.5    21
16.5    27
17.5    26
18.5    16
19.5    13
20.5    21
21.5    16
22.5    18
23.5    7
24.5    11
25.5    8
26.5    12
27.5    10
28.5    12
29.5    15
30.5    7
