-38.5    8
-37.5    16
-36.5    20
-35.5    18
-34.5    17
-33.5    35
-32.5    21
-31.5    46
-30.5    55
-29.5    69
-28.5    92
-27.5    110
-26.5    144
-25.5    209
-24.5    235
-23.5    236
-22.5    307
-21.5    399
-20.5    383
-19.5    491
-18.5    508
-17.5    509
-16.5    559
-15.5    628
-14.5    624
-13.5    650
-12.5    608
-11.5    575
-10.5    645
-9.5    599
-8.5    577
-7.5    673
-6.5    639
-5.5    689
-4.5    664
-3.5    782
-2.5    780
-1.5    714
-0.5    886
0.5    818
1.5    807
2.5    850
3.5    737
4.5    617
5.5    651
6.5    546
7.5    503
8.5    435
9.5    340
10.5    307
11.5    266
12.5    217
13.5    139
14.5    140
15.5    114
16.5    72
17.5    68
18.5    55
19.5    64
20.5    38
21.5    35
22.5    23
23.5    19
24.5    14
25.5    7
26.5    9
27.5    11
28.5    7
29.5    9
30.5    7
