-38.5    12
-37.5    14
-36.5    11
-35.5    16
-34.5    21
-33.5    35
-32.5    36
-31.5    44
-30.5    78
-29.5    93
-28.5    125
-27.5    129
-26.5    177
-25.5    256
-24.5    293
-23.5    330
-22.5    450
-21.5    486
-20.5    545
-19.5    676
-18.5    690
-17.5    689
-16.5    764
-15.5    711
-14.5    744
-13.5    805
-12.5    735
-11.5    758
-10.5    721
-9.5    634
-8.5    639
-7.5    620
-6.5    591
-5.5    559
-4.5    523
-3.5    532
-2.5    520
-1.5    539
-0.5    572
0.5    528
1.5    562
2.5    564
3.5    510
4.5    464
5.5    427
6.5    356
7.5    344
8.5    292
9.5    201
10.5    216
11.5    169
12.5    120
13.5    107
14.5    78
15.5    56
16.5    53
17.5    40
18.5    44
19.5    24
20.5    31
21.5    21
22.5    20
23.5    19
24.5    12
25.5    10
26.5    8
27.5    11
28.5    13
29.5    5
30.5    5
