-38.5    11
-37.5    9
-36.5    24
-35.5    21
-34.5    37
-33.5    37
-32.5    47
-31.5    56
-30.5    78
-29.5    110
-28.5    154
-27.5    204
-26.5    248
-25.5    316
-24.5    373
-23.5    481
-22.5    567
-21.5    597
-20.5    759
-19.5    879
-18.5    904
-17.5    1061
-16.5    1110
-15.5    1107
-14.5    1242
-13.5    1133
-12.5    1093
-11.5    1042
-10.5    958
-9.5    869
-8.5    799
-7.5    674
-6.5    586
-5.5    531
-4.5    429
-3.5    335
-2.5    293
-1.5    211
-0.5    191
0.5    169
1.5    117
2.5    101
3.5    75
4.5    68
5.5    65
6.5    49
7.5    41
8.5    35
9.5    25
10.5    25
11.5    25
12.5    21
13.5    24
14.5    9
15.5    19
16.5    17
17.5    18
18.5    8
19.5    10
20.5    12
21.5    20
22.5    13
23.5    12
24.5    13
25.5    11
26.5    10
27.5    14
28.5    10
29.5    12
30.5    9
