-38.5    9
-37.5    12
-36.5    9
-35.5    22
-34.5    30
-33.5    38
-32.5    32
-31.5    61
-30.5    81
-29.5    73
-28.5    118
-27.5    158
-26.5    206
-25.5    285
-24.5    334
-23.5    334
-22.5    417
-21.5    526
-20.5    581
-19.5    640
-18.5    746
-17.5    815
-16.5    905
-15.5    795
-14.5    902
-13.5    935
-12.5    808
-11.5    835
-10.5    804
-9.5    716
-8.5    696
-7.5    637
-6.5    536
-5.5    508
-4.5    503
-3.5    513
-2.5    441
-1.5    467
-0.5    477
0.5    390
1.5    421
2.5    407
3.5    368
4.5    388
5.5    321
6.5    266
7.5    247
8.5    246
9.5    167
10.5    186
11.5    126
12.5    101
13.5    87
14.5    71
15.5    56
16.5    52
17.5    49
18.5    34
19.5    31
20.5    15
21.5    23
22.5    20
23.5    10
24.5    19
25.5    18
26.5    15
27.5    21
28.5    7
29.5    11
30.5    7
