-38.5    5
-37.5    6
-36.5    1
-35.5    12
-34.5    6
-33.5    14
-32.5    8
-31.5    13
-30.5    22
-29.5    34
-28.5    32
-27.5    43
-26.5    44
-25.5    46
-24.5    73
-23.5    88
-22.5    92
-21.5    121
-20.5    123
-19.5    113
-18.5    152
-17.5    161
-16.5    123
-15.5    183
-14.5    185
-13.5    189
-12.5    189
-11.5    203
-10.5    235
-9.5    242
-8.5    307
-7.5    297
-6.5    317
-5.5    460
-4.5    419
-3.5    476
-2.5    594
-1.5    516
-0.5    559
0.5    621
1.5    564
2.5    554
3.5    541
4.5    463
5.5    407
6.5    394
7.5    311
8.5    313
9.5    244
10.5    186
11.5    165
12.5    154
13.5    109
14.5    103
15.5    54
16.5    37
17.5    46
18.5    24
19.5    23
20.5    21
21.5    11
22.5    9
23.5    13
24.5    11
25.5    4
26.5    5
27.5    5
28.5    4
29.5    2
30.5    4
