-38.5    17
-37.5    10
-36.5    24
-35.5    17
-34.5    35
-33.5    34
-32.5    59
-31.5    68
-30.5    83
-29.5    118
-28.5    163
-27.5    173
-26.5    225
-25.5    280
-24.5    358
-23.5    449
-22.5    540
-21.5    622
-20.5    766
-19.5    878
-18.5    893
-17.5    1014
-16.5    1099
-15.5    1026
-14.5    1168
-13.5    1069
-12.5    1050
-11.5    995
-10.5    952
-9.5    832
-8.5    737
-7.5    651
-6.5    553
-5.5    485
-4.5    415
-3.5    359
-2.5    320
-1.5    207
-0.5    211
0.5    153
1.5    143
2.5    133
3.5    99
4.5    100
5.5    95
6.5    83
7.5    80
8.5    51
9.5    60
10.5    62
11.5    43
12.5    38
13.5    28
14.5    29
15.5    27
16.5    24
17.5    24
18.5    19
19.5    14
20.5    20
21.5    18
22.5    19
23.5    11
24.5    10
25.5    10
26.5    10
27.5    19
28.5    11
29.5    14
30.5    11
