-38.5    8
-37.5    9
-36.5    13
-35.5    20
-34.5    27
-33.5    32
-32.5    39
-31.5    53
-30.5    74
-29.5    80
-28.5    126
-27.5    145
-26.5    186
-25.5    241
-24.5    285
-23.5    340
-22.5    406
-21.5    441
-20.5    536
-19.5    655
-18.5    593
-17.5    679
-16.5    761
-15.5    742
-14.5    739
-13.5    817
-12.5    696
-11.5    766
-10.5    702
-9.5    632
-8.5    640
-7.5    632
-6.5    601
-5.5    571
-4.5    530
-3.5    602
-2.5    533
-1.5    554
-0.5    598
0.5    543
1.5    552
2.5    559
3.5    509
4.5    493
5.5    437
6.5    340
7.5    335
8.5    305
9.5    231
10.5    210
11.5    170
12.5    128
13.5    104
14.5    103
15.5    66
16.5    57
17.5    45
18.5    38
19.5    25
20.5    30
21.5    20
22.5    14
23.5    18
24.5    10
25.5    12
26.5    9
27.5    15
28.5    12
29.5    5
30.5    8
