-38.5    17
-37.5    17
-36.5    28
-35.5    17
-34.5    25
-33.5    37
-32.5    46
-31.5    63
-30.5    100
-29.5    115
-28.5    144
-27.5    180
-26.5    237
-25.5    287
-24.5    347
-23.5    482
-22.5    565
-21.5    634
-20.5    763
-19.5    849
-18.5    933
-17.5    1052
-16.5    1072
-15.5    1157
-14.5    1151
-13.5    1152
-12.5    1092
-11.5    1069
-10.5    927
-9.5    812
-8.5    831
-7.5    691
-6.5    541
-5.5    574
-4.5    393
-3.5    360
-2.5    282
-1.5    199
-0.5    201
0.5    173
1.5    130
2.5    117
3.5    91
4.5    89
5.5    70
6.5    63
7.5    50
8.5    41
9.5    34
10.5    35
11.5    23
12.5    26
13.5    28
14.5    16
15.5    17
16.5    23
17.5    17
18.5    14
19.5    21
20.5    13
21.5    17
22.5    16
23.5    13
24.5    11
25.5    13
26.5    15
27.5    14
28.5    11
29.5    7
30.5    7
