-38.5    7
-37.5    23
-36.5    18
-35.5    22
-34.5    20
-33.5    41
-32.5    45
-31.5    65
-30.5    86
-29.5    114
-28.5    152
-27.5    200
-26.5    213
-25.5    331
-24.5    411
-23.5    493
-22.5    572
-21.5    673
-20.5    795
-19.5    882
-18.5    945
-17.5    1039
-16.5    1063
-15.5    1119
-14.5    1204
-13.5    1211
-12.5    1097
-11.5    1057
-10.5    929
-9.5    849
-8.5    816
-7.5    689
-6.5    635
-5.5    519
-4.5    386
-3.5    319
-2.5    312
-1.5    223
-0.5    172
0.5    165
1.5    124
2.5    89
3.5    96
4.5    65
5.5    60
6.5    41
7.5    45
8.5    36
9.5    40
10.5    38
11.5    26
12.5    35
13.5    23
14.5    24
15.5    17
16.5    23
17.5    24
18.5    18
19.5    18
20.5    20
21.5    18
22.5    6
23.5    14
24.5    13
25.5    11
26.5    13
27.5    11
28.5    16
29.5    7
30.5    14
