-38.5    6
-37.5    5
-36.5    15
-35.5    13
-34.5    14
-33.5    22
-32.5    22
-31.5    25
-30.5    39
-29.5    39
-28.5    48
-27.5    61
-26.5    82
-25.5    90
-24.5    132
-23.5    137
-22.5    159
-21.5    167
-20.5    191
-19.5    213
-18.5    253
-17.5    253
-16.5    304
-15.5    297
-14.5    325
-13.5    377
-12.5    376
-11.5    388
-10.5    420
-9.5    444
-8.5    544
-7.5    532
-6.5    610
-5.5    731
-4.5    714
-3.5    753
-2.5    902
-1.5    817
-0.5    994
0.5    1004
1.5    864
2.5    885
3.5    834
4.5    710
5.5    727
6.5    597
7.5    498
8.5    432
9.5    389
10.5    305
11.5    282
12.5    211
13.5    162
14.5    132
15.5    92
16.5    82
17.5    75
18.5    46
19.5    41
20.5    38
21.5    25
22.5    27
23.5    14
24.5    9
25.5    11
26.5    9
27.5    4
28.5    11
29.5    3
30.5    7
