-38.5    16
-37.5    8
-36.5    10
-35.5    25
-34.5    25
-33.5    28
-32.5    39
-31.5    44
-30.5    65
-29.5    85
-28.5    99
-27.5    153
-26.5    159
-25.5    243
-24.5    299
-23.5    335
-22.5    389
-21.5    447
-20.5    449
-19.5    594
-18.5    596
-17.5    647
-16.5    753
-15.5    658
-14.5    724
-13.5    699
-12.5    659
-11.5    669
-10.5    692
-9.5    642
-8.5    647
-7.5    607
-6.5    600
-5.5    616
-4.5    573
-3.5    636
-2.5    620
-1.5    599
-0.5    648
0.5    582
1.5    674
2.5    616
3.5    559
4.5    538
5.5    509
6.5    438
7.5    342
8.5    342
9.5    303
10.5    258
11.5    171
12.5    154
13.5    133
14.5    105
15.5    88
16.5    77
17.5    55
18.5    37
19.5    36
20.5    23
21.5    25
22.5    17
23.5    13
24.5    10
25.5    16
26.5    12
27.5    6
28.5    12
29.5    9
30.5    4
