-38.5    12
-37.5    28
-36.5    17
-35.5    26
-34.5    32
-33.5    27
-32.5    47
-31.5    82
-30.5    92
-29.5    105
-28.5    142
-27.5    188
-26.5    266
-25.5    294
-24.5    349
-23.5    487
-22.5    529
-21.5    647
-20.5    672
-19.5    853
-18.5    901
-17.5    977
-16.5    1064
-15.5    1055
-14.5    1113
-13.5    1119
-12.5    1038
-11.5    1069
-10.5    950
-9.5    881
-8.5    834
-7.5    671
-6.5    553
-5.5    486
-4.5    414
-3.5    382
-2.5    309
-1.5    279
-0.5    271
0.5    240
1.5    192
2.5    170
3.5    160
4.5    160
5.5    108
6.5    103
7.5    88
8.5    80
9.5    88
10.5    77
11.5    70
12.5    66
13.5    47
14.5    35
15.5    29
16.5    30
17.5    19
18.5    29
19.5    28
20.5    26
21.5    25
22.5    20
23.5    15
24.5    19
25.5    14
26.5    8
27.5    10
28.5    13
29.5    13
30.5    10
