-38.5    10
-37.5    15
-36.5    12
-35.5    25
-34.5    32
-33.5    39
-32.5    56
-31.5    64
-30.5    110
-29.5    111
-28.5    164
-27.5    189
-26.5    221
-25.5    291
-24.5    394
-23.5    476
-22.5    559
-21.5    691
-20.5    734
-19.5    953
-18.5    942
-17.5    1071
-16.5    1121
-15.5    1079
-14.5    1147
-13.5    1157
-12.5    1115
-11.5    1098
-10.5    917
-9.5    942
-8.5    789
-7.5    670
-6.5    590
-5.5    535
-4.5    409
-3.5    362
-2.5    302
-1.5    222
-0.5    157
0.5    168
1.5    116
2.5    104
3.5    83
4.5    73
5.5    64
6.5    58
7.5    44
8.5    50
9.5    33
10.5    35
11.5    29
12.5    26
13.5    23
14.5    21
15.5    12
16.5    20
17.5    19
18.5    8
19.5    13
20.5    10
21.5    13
22.5    13
23.5    18
24.5    9
25.5    11
26.5    12
27.5    14
28.5    13
29.5    12
30.5    9
