-38.5    11
-37.5    13
-36.5    19
-35.5    23
-34.5    29
-33.5    43
-32.5    35
-31.5    57
-30.5    83
-29.5    110
-28.5    151
-27.5    169
-26.5    195
-25.5    303
-24.5    334
-23.5    393
-22.5    488
-21.5    508
-20.5    649
-19.5    747
-18.5    796
-17.5    870
-16.5    985
-15.5    940
-14.5    916
-13.5    946
-12.5    921
-11.5    905
-10.5    855
-9.5    731
-8.5    702
-7.5    604
-6.5    611
-5.5    506
-4.5    509
-3.5    413
-2.5    398
-1.5    373
-0.5    382
0.5    331
1.5    328
2.5    269
3.5    261
4.5    256
5.5    210
6.5    198
7.5    193
8.5    168
9.5    175
10.5    139
11.5    120
12.5    86
13.5    50
14.5    45
15.5    46
16.5    42
17.5    42
18.5    36
19.5    39
20.5    24
21.5    15
22.5    16
23.5    15
24.5    13
25.5    15
26.5    8
27.5    7
28.5    11
29.5    13
30.5    8
