-38.5    8
-37.5    18
-36.5    20
-35.5    21
-34.5    32
-33.5    33
-32.5    46
-31.5    63
-30.5    73
-29.5    114
-28.5    128
-27.5    175
-26.5    240
-25.5    321
-24.5    357
-23.5    448
-22.5    512
-21.5    610
-20.5    719
-19.5    869
-18.5    929
-17.5    1055
-16.5    1079
-15.5    994
-14.5    1109
-13.5    1182
-12.5    986
-11.5    1020
-10.5    963
-9.5    820
-8.5    745
-7.5    647
-6.5    533
-5.5    550
-4.5    397
-3.5    343
-2.5    295
-1.5    257
-0.5    224
0.5    211
1.5    167
2.5    177
3.5    130
4.5    121
5.5    109
6.5    94
7.5    78
8.5    77
9.5    67
10.5    55
11.5    49
12.5    44
13.5    47
14.5    23
15.5    36
16.5    31
17.5    29
18.5    17
19.5    19
20.5    14
21.5    19
22.5    14
23.5    17
24.5    17
25.5    7
26.5    15
27.5    8
28.5    12
29.5    14
30.5    10
