-38.5    11
-37.5    6
-36.5    26
-35.5    27
-34.5    33
-33.5    37
-32.5    42
-31.5    69
-30.5    87
-29.5    125
-28.5    128
-27.5    182
-26.5    244
-25.5    302
-24.5    359
-23.5    426
-22.5    568
-21.5    617
-20.5    729
-19.5    879
-18.5    985
-17.5    1109
-16.5    1125
-15.5    1148
-14.5    1191
-13.5    1172
-12.5    1111
-11.5    1031
-10.5    948
-9.5    912
-8.5    805
-7.5    637
-6.5    539
-5.5    518
-4.5    424
-3.5    309
-2.5    301
-1.5    220
-0.5    183
0.5    155
1.5    118
2.5    91
3.5    81
4.5    57
5.5    65
6.5    54
7.5    54
8.5    44
9.5    25
10.5    26
11.5    27
12.5    19
13.5    23
14.5    19
15.5    19
16.5    17
17.5    16
18.5    8
19.5    14
20.5    14
21.5    13
22.5    6
23.5    16
24.5    8
25.5    9
26.5    8
27.5    12
28.5    12
29.5    11
30.5    8
