-38.5    5
-37.5    12
-36.5    11
-35.5    18
-34.5    18
-33.5    24
-32.5    39
-31.5    38
-30.5    56
-29.5    68
-28.5    75
-27.5    143
-26.5    158
-25.5    177
-24.5    220
-23.5    241
-22.5    306
-21.5    370
-20.5    344
-19.5    466
-18.5    509
-17.5    495
-16.5    558
-15.5    534
-14.5    581
-13.5    604
-12.5    551
-11.5    571
-10.5    563
-9.5    634
-8.5    646
-7.5    620
-6.5    682
-5.5    738
-4.5    717
-3.5    848
-2.5    870
-1.5    842
-0.5    917
0.5    835
1.5    815
2.5    894
3.5    737
4.5    737
5.5    730
6.5    573
7.5    509
8.5    478
9.5    346
10.5    333
11.5    281
12.5    209
13.5    165
14.5    138
15.5    97
16.5    78
17.5    71
18.5    42
19.5    46
20.5    38
21.5    23
22.5    21
23.5    15
24.5    8
25.5    18
26.5    11
27.5    9
28.5    5
29.5    6
30.5    6
