-38.5    11
-37.5    15
-36.5    18
-35.5    26
-34.5    37
-33.5    47
-32.5    46
-31.5    63
-30.5    95
-29.5    105
-28.5    136
-27.5    185
-26.5    237
-25.5    289
-24.5    371
-23.5    447
-22.5    555
-21.5    625
-20.5    777
-19.5    902
-18.5    920
-17.5    1007
-16.5    1122
-15.5    1112
-14.5    1157
-13.5    1124
-12.5    1041
-11.5    1038
-10.5    926
-9.5    883
-8.5    853
-7.5    690
-6.5    527
-5.5    538
-4.5    387
-3.5    328
-2.5    321
-1.5    241
-0.5    193
0.5    149
1.5    147
2.5    99
3.5    86
4.5    82
5.5    84
6.5    65
7.5    66
8.5    59
9.5    45
10.5    42
11.5    39
12.5    30
13.5    36
14.5    29
15.5    23
16.5    20
17.5    24
18.5    20
19.5    19
20.5    15
21.5    19
22.5    13
23.5    13
24.5    9
25.5    20
26.5    10
27.5    12
28.5    15
29.5    7
30.5    10
