-38.5    12
-37.5    8
-36.5    19
-35.5    15
-34.5    36
-33.5    42
-32.5    42
-31.5    65
-30.5    91
-29.5    92
-28.5    138
-27.5    196
-26.5    228
-25.5    317
-24.5    391
-23.5    459
-22.5    595
-21.5    624
-20.5    750
-19.5    869
-18.5    923
-17.5    1064
-16.5    1116
-15.5    1125
-14.5    1213
-13.5    1124
-12.5    1094
-11.5    1016
-10.5    991
-9.5    885
-8.5    808
-7.5    685
-6.5    566
-5.5    484
-4.5    447
-3.5    352
-2.5    299
-1.5    195
-0.5    184
0.5    171
1.5    111
2.5    97
3.5    67
4.5    56
5.5    55
6.5    47
7.5    41
8.5    30
9.5    27
10.5    27
11.5    16
12.5    21
13.5    18
14.5    4
15.5    16
16.5    14
17.5    11
18.5    9
19.5    14
20.5    11
21.5    13
22.5    10
23.5    11
24.5    10
25.5    10
26.5    7
27.5    13
28.5    14
29.5    9
30.5    13
