-38.5    13
-37.5    9
-36.5    22
-35.5    35
-34.5    32
-33.5    38
-32.5    59
-31.5    58
-30.5    78
-29.5    109
-28.5    143
-27.5    200
-26.5    225
-25.5    283
-24.5    392
-23.5    443
-22.5    536
-21.5    565
-20.5    735
-19.5    865
-18.5    919
-17.5    956
-16.5    1035
-15.5    1031
-14.5    1076
-13.5    1057
-12.5    939
-11.5    1017
-10.5    896
-9.5    835
-8.5    795
-7.5    752
-6.5    566
-5.5    553
-4.5    441
-3.5    368
-2.5    332
-1.5    314
-0.5    256
0.5    233
1.5    211
2.5    189
3.5    184
4.5    182
5.5    130
6.5    116
7.5    111
8.5    81
9.5    81
10.5    76
11.5    61
12.5    63
13.5    54
14.5    40
15.5    39
16.5    33
17.5    28
18.5    27
19.5    35
20.5    26
21.5    19
22.5    22
23.5    13
24.5    16
25.5    19
26.5    9
27.5    12
28.5    14
29.5    10
30.5    12
