-38.5    9
-37.5    23
-36.5    15
-35.5    18
-34.5    20
-33.5    39
-32.5    45
-31.5    63
-30.5    79
-29.5    117
-28.5    143
-27.5    193
-26.5    239
-25.5    340
-24.5    386
-23.5    466
-22.5    563
-21.5    665
-20.5    801
-19.5    906
-18.5    977
-17.5    1044
-16.5    1130
-15.5    1142
-14.5    1268
-13.5    1158
-12.5    1112
-11.5    1063
-10.5    961
-9.5    859
-8.5    831
-7.5    728
-6.5    609
-5.5    520
-4.5    401
-3.5    313
-2.5    287
-1.5    226
-0.5    181
0.5    170
1.5    128
2.5    107
3.5    96
4.5    72
5.5    63
6.5    48
7.5    44
8.5    31
9.5    34
10.5    31
11.5    29
12.5    22
13.5    31
14.5    22
15.5    16
16.5    17
17.5    14
18.5    12
19.5    10
20.5    21
21.5    12
22.5    10
23.5    7
24.5    14
25.5    11
26.5    12
27.5    15
28.5    7
29.5    9
30.5    13
