-38.5    17
-37.5    16
-36.5    22
-35.5    31
-34.5    30
-33.5    32
-32.5    52
-31.5    71
-30.5    94
-29.5    83
-28.5    144
-27.5    205
-26.5    251
-25.5    284
-24.5    394
-23.5    486
-22.5    529
-21.5    605
-20.5    667
-19.5    857
-18.5    901
-17.5    958
-16.5    1068
-15.5    1062
-14.5    1080
-13.5    1098
-12.5    978
-11.5    1077
-10.5    918
-9.5    880
-8.5    843
-7.5    670
-6.5    572
-5.5    496
-4.5    426
-3.5    370
-2.5    329
-1.5    303
-0.5    260
0.5    237
1.5    194
2.5    188
3.5    183
4.5    163
5.5    121
6.5    115
7.5    102
8.5    85
9.5    87
10.5    75
11.5    75
12.5    65
13.5    50
14.5    38
15.5    32
16.5    29
17.5    23
18.5    25
19.5    32
20.5    24
21.5    23
22.5    21
23.5    12
24.5    16
25.5    21
26.5    10
27.5    12
28.5    15
29.5    16
30.5    10
