-38.5    14
-37.5    14
-36.5    13
-35.5    13
-34.5    36
-33.5    33
-32.5    48
-31.5    67
-30.5    89
-29.5    104
-28.5    153
-27.5    173
-26.5    234
-25.5    301
-24.5    385
-23.5    447
-22.5    576
-21.5    646
-20.5    745
-19.5    861
-18.5    875
-17.5    1035
-16.5    1097
-15.5    1050
-14.5    1183
-13.5    1107
-12.5    1056
-11.5    984
-10.5    932
-9.5    831
-8.5    790
-7.5    663
-6.5    603
-5.5    506
-4.5    384
-3.5    342
-2.5    313
-1.5    262
-0.5    223
0.5    219
1.5    145
2.5    121
3.5    109
4.5    96
5.5    117
6.5    84
7.5    69
8.5    77
9.5    63
10.5    61
11.5    52
12.5    41
13.5    38
14.5    33
15.5    32
16.5    19
17.5    12
18.5    20
19.5    16
20.5    18
21.5    15
22.5    16
23.5    11
24.5    13
25.5    14
26.5    10
27.5    9
28.5    6
29.5    10
30.5    11
