-38.5    14
-37.5    13
-36.5    14
-35.5    27
-34.5    19
-33.5    42
-32.5    32
-31.5    47
-30.5    69
-29.5    86
-28.5    92
-27.5    143
-26.5    146
-25.5    229
-24.5    246
-23.5    290
-22.5    392
-21.5    382
-20.5    416
-19.5    558
-18.5    610
-17.5    593
-16.5    658
-15.5    640
-14.5    621
-13.5    682
-12.5    656
-11.5    632
-10.5    680
-9.5    579
-8.5    606
-7.5    593
-6.5    594
-5.5    667
-4.5    607
-3.5    691
-2.5    710
-1.5    695
-0.5    741
0.5    687
1.5    699
2.5    770
3.5    641
4.5    591
5.5    611
6.5    446
7.5    440
8.5    353
9.5    289
10.5    283
11.5    232
12.5    162
13.5    150
14.5    136
15.5    78
16.5    83
17.5    64
18.5    53
19.5    36
20.5    34
21.5    23
22.5    27
23.5    17
24.5    12
25.5    14
26.5    12
27.5    9
28.5    9
29.5    12
30.5    3
