-38.5    8
-37.5    15
-36.5    22
-35.5    14
-34.5    17
-33.5    22
-32.5    32
-31.5    33
-30.5    40
-29.5    45
-28.5    63
-27.5    87
-26.5    101
-25.5    143
-24.5    202
-23.5    199
-22.5    247
-21.5    310
-20.5    321
-19.5    425
-18.5    502
-17.5    368
-16.5    504
-15.5    491
-14.5    458
-13.5    532
-12.5    501
-11.5    559
-10.5    586
-9.5    566
-8.5    627
-7.5    652
-6.5    716
-5.5    779
-4.5    769
-3.5    854
-2.5    946
-1.5    845
-0.5    961
0.5    957
1.5    908
2.5    948
3.5    769
4.5    715
5.5    769
6.5    609
7.5    522
8.5    521
9.5    360
10.5    340
11.5    265
12.5    204
13.5    181
14.5    151
15.5    91
16.5    88
17.5    70
18.5    52
19.5    43
20.5    26
21.5    21
22.5    19
23.5    19
24.5    11
25.5    12
26.5    17
27.5    5
28.5    5
29.5    6
30.5    10
