-38.5    16
-37.5    23
-36.5    22
-35.5    23
-34.5    27
-33.5    31
-32.5    44
-31.5    53
-30.5    101
-29.5    109
-28.5    129
-27.5    185
-26.5    242
-25.5    292
-24.5    355
-23.5    465
-22.5    538
-21.5    634
-20.5    751
-19.5    871
-18.5    940
-17.5    1002
-16.5    1018
-15.5    1145
-14.5    1145
-13.5    1144
-12.5    1049
-11.5    1107
-10.5    935
-9.5    864
-8.5    842
-7.5    696
-6.5    566
-5.5    537
-4.5    403
-3.5    346
-2.5    282
-1.5    214
-0.5    211
0.5    162
1.5    126
2.5    115
3.5    92
4.5    88
5.5    64
6.5    56
7.5    55
8.5    37
9.5    42
10.5    37
11.5    33
12.5    27
13.5    34
14.5    18
15.5    22
16.5    20
17.5    24
18.5    19
19.5    17
20.5    18
21.5    12
22.5    19
23.5    7
24.5    11
25.5    9
26.5    19
27.5    12
28.5    12
29.5    12
30.5    6
