-38.5    8
-37.5    18
-36.5    15
-35.5    19
-34.5    26
-33.5    44
-32.5    55
-31.5    65
-30.5    97
-29.5    117
-28.5    158
-27.5    178
-26.5    252
-25.5    295
-24.5    397
-23.5    463
-22.5    563
-21.5    662
-20.5    787
-19.5    918
-18.5    940
-17.5    1007
-16.5    1148
-15.5    1146
-14.5    1259
-13.5    1144
-12.5    1092
-11.5    1088
-10.5    959
-9.5    932
-8.5    814
-7.5    716
-6.5    555
-5.5    542
-4.5    425
-3.5    347
-2.5    288
-1.5    225
-0.5    177
0.5    164
1.5    116
2.5    122
3.5    81
4.5    75
5.5    71
6.5    60
7.5    47
8.5    41
9.5    27
10.5    36
11.5    33
12.5    17
13.5    23
14.5    18
15.5    12
16.5    19
17.5    19
18.5    10
19.5    8
20.5    19
21.5    14
22.5    13
23.5    8
24.5    12
25.5    15
26.5    11
27.5    17
28.5    9
29.5    10
30.5    8
