-38.5    2
-37.5    9
-36.5    10
-35.5    17
-34.5    20
-33.5    18
-32.5    25
-31.5    27
-30.5    37
-29.5    50
-28.5    48
-27.5    65
-26.5    91
-25.5    92
-24.5    131
-23.5    148
-22.5    156
-21.5    195
-20.5    203
-19.5    254
-18.5    287
-17.5    265
-16.5    291
-15.5    306
-14.5    327
-13.5    393
-12.5    356
-11.5    423
-10.5    439
-9.5    495
-8.5    581
-7.5    593
-6.5    636
-5.5    769
-4.5    723
-3.5    814
-2.5    911
-1.5    854
-0.5    1027
0.5    978
1.5    817
2.5    912
3.5    814
4.5    714
5.5    741
6.5    628
7.5    551
8.5    474
9.5    379
10.5    314
11.5    295
12.5    217
13.5    164
14.5    148
15.5    100
16.5    92
17.5    57
18.5    47
19.5    45
20.5    45
21.5    28
22.5    24
23.5    12
24.5    17
25.5    14
26.5    11
27.5    9
28.5    9
29.5    5
30.5    8
