-38.5    4
-37.5    9
-36.5    15
-35.5    7
-34.5    12
-33.5    15
-32.5    21
-31.5    24
-30.5    40
-29.5    58
-28.5    65
-27.5    78
-26.5    93
-25.5    121
-24.5    159
-23.5    181
-22.5    239
-21.5    248
-20.5    225
-19.5    309
-18.5    361
-17.5    320
-16.5    380
-15.5    397
-14.5    399
-13.5    473
-12.5    458
-11.5    453
-10.5    497
-9.5    562
-8.5    567
-7.5    612
-6.5    667
-5.5    741
-4.5    726
-3.5    899
-2.5    928
-1.5    909
-0.5    958
0.5    993
1.5    882
2.5    984
3.5    857
4.5    804
5.5    807
6.5    654
7.5    517
8.5    445
9.5    373
10.5    347
11.5    284
12.5    222
13.5    182
14.5    141
15.5    93
16.5    88
17.5    66
18.5    52
19.5    36
20.5    47
21.5    21
22.5    22
23.5    14
24.5    17
25.5    9
26.5    8
27.5    8
28.5    8
29.5    7
30.5    6
