-38.5    15
-37.5    18
-36.5    15
-35.5    20
-34.5    15
-33.5    28
-32.5    42
-31.5    51
-30.5    70
-29.5    86
-28.5    139
-27.5    138
-26.5    177
-25.5    267
-24.5    295
-23.5    367
-22.5    462
-21.5    493
-20.5    585
-19.5    694
-18.5    683
-17.5    763
-16.5    825
-15.5    725
-14.5    830
-13.5    803
-12.5    767
-11.5    745
-10.5    738
-9.5    687
-8.5    646
-7.5    605
-6.5    584
-5.5    524
-4.5    532
-3.5    554
-2.5    545
-1.5    518
-0.5    532
0.5    477
1.5    527
2.5    509
3.5    428
4.5    426
5.5    418
6.5    334
7.5    327
8.5    278
9.5    205
10.5    193
11.5    173
12.5    120
13.5    100
14.5    82
15.5    65
16.5    47
17.5    38
18.5    38
19.5    21
20.5    34
21.5    28
22.5    22
23.5    21
24.5    13
25.5    8
26.5    10
27.5    7
28.5    9
29.5    9
30.5    2
