-38.5    6
-37.5    9
-36.5    2
-35.5    11
-34.5    8
-33.5    9
-32.5    15
-31.5    15
-30.5    31
-29.5    30
-28.5    31
-27.5    52
-26.5    62
-25.5    65
-24.5    74
-23.5    99
-22.5    83
-21.5    115
-20.5    123
-19.5    125
-18.5    170
-17.5    150
-16.5    146
-15.5    184
-14.5    200
-13.5    210
-12.5    228
-11.5    227
-10.5    263
-9.5    248
-8.5    354
-7.5    374
-6.5    361
-5.5    462
-4.5    484
-3.5    533
-2.5    640
-1.5    562
-0.5    605
0.5    693
1.5    586
2.5    622
3.5    574
4.5    490
5.5    474
6.5    449
7.5    325
8.5    324
9.5    272
10.5    197
11.5    200
12.5    153
13.5    113
14.5    93
15.5    70
16.5    50
17.5    56
18.5    29
19.5    18
20.5    29
21.5    13
22.5    9
23.5    7
24.5    13
25.5    8
26.5    6
27.5    7
28.5    6
29.5    6
30.5    3
