-38.5    12
-37.5    9
-36.5    12
-35.5    22
-34.5    17
-33.5    19
-32.5    33
-31.5    35
-30.5    55
-29.5    58
-28.5    71
-27.5    99
-26.5    115
-25.5    156
-24.5    202
-23.5    208
-22.5    284
-21.5    320
-20.5    326
-19.5    453
-18.5    473
-17.5    433
-16.5    491
-15.5    501
-14.5    513
-13.5    506
-12.5    502
-11.5    555
-10.5    585
-9.5    552
-8.5    621
-7.5    605
-6.5    704
-5.5    795
-4.5    700
-3.5    861
-2.5    908
-1.5    825
-0.5    965
0.5    927
1.5    850
2.5    945
3.5    737
4.5    704
5.5    776
6.5    620
7.5    495
8.5    480
9.5    342
10.5    339
11.5    257
12.5    197
13.5    166
14.5    154
15.5    105
16.5    85
17.5    68
18.5    54
19.5    37
20.5    36
21.5    15
22.5    17
23.5    23
24.5    11
25.5    16
26.5    12
27.5    7
28.5    2
29.5    6
30.5    9
