-38.5    15
-37.5    14
-36.5    10
-35.5    16
-34.5    23
-33.5    40
-32.5    36
-31.5    60
-30.5    59
-29.5    107
-28.5    105
-27.5    155
-26.5    207
-25.5    272
-24.5    307
-23.5    358
-22.5    432
-21.5    553
-20.5    591
-19.5    705
-18.5    732
-17.5    817
-16.5    909
-15.5    802
-14.5    879
-13.5    1003
-12.5    839
-11.5    827
-10.5    835
-9.5    708
-8.5    691
-7.5    600
-6.5    563
-5.5    517
-4.5    492
-3.5    483
-2.5    449
-1.5    461
-0.5    464
0.5    386
1.5    379
2.5    401
3.5    355
4.5    368
5.5    313
6.5    258
7.5    225
8.5    220
9.5    166
10.5    160
11.5    138
12.5    100
13.5    79
14.5    64
15.5    55
16.5    48
17.5    33
18.5    33
19.5    35
20.5    21
21.5    24
22.5    11
23.5    16
24.5    19
25.5    21
26.5    12
27.5    16
28.5    5
29.5    10
30.5    7
