-38.5    10
-37.5    7
-36.5    13
-35.5    8
-34.5    9
-33.5    16
-32.5    21
-31.5    35
-30.5    42
-29.5    66
-28.5    58
-27.5    77
-26.5    101
-25.5    135
-24.5    152
-23.5    177
-22.5    239
-21.5    258
-20.5    269
-19.5    341
-18.5    396
-17.5    360
-16.5    422
-15.5    452
-14.5    390
-13.5    462
-12.5    490
-11.5    481
-10.5    542
-9.5    576
-8.5    569
-7.5    593
-6.5    667
-5.5    806
-4.5    790
-3.5    908
-2.5    954
-1.5    875
-0.5    960
0.5    961
1.5    875
2.5    946
3.5    840
4.5    755
5.5    790
6.5    614
7.5    510
8.5    470
9.5    359
10.5    327
11.5    278
12.5    230
13.5    171
14.5    143
15.5    97
16.5    85
17.5    56
18.5    41
19.5    53
20.5    42
21.5    25
22.5    21
23.5    17
24.5    14
25.5    16
26.5    8
27.5    10
28.5    7
29.5    6
30.5    5
