-38.5    12
-37.5    15
-36.5    24
-35.5    10
-34.5    27
-33.5    30
-32.5    45
-31.5    52
-30.5    79
-29.5    77
-28.5    124
-27.5    132
-26.5    202
-25.5    255
-24.5    285
-23.5    394
-22.5    480
-21.5    528
-20.5    660
-19.5    801
-18.5    743
-17.5    846
-16.5    879
-15.5    881
-14.5    960
-13.5    935
-12.5    893
-11.5    864
-10.5    803
-9.5    747
-8.5    752
-7.5    607
-6.5    562
-5.5    533
-4.5    461
-3.5    447
-2.5    397
-1.5    417
-0.5    377
0.5    370
1.5    376
2.5    338
3.5    279
4.5    277
5.5    277
6.5    217
7.5    236
8.5    198
9.5    161
10.5    138
11.5    108
12.5    96
13.5    93
14.5    64
15.5    65
16.5    38
17.5    35
18.5    33
19.5    20
20.5    19
21.5    24
22.5    26
23.5    12
24.5    16
25.5    7
26.5    13
27.5    9
28.5    16
29.5    12
30.5    5
