-38.5    3
-37.5    21
-36.5    13
-35.5    22
-34.5    27
-33.5    31
-32.5    44
-31.5    45
-30.5    60
-29.5    94
-28.5    133
-27.5    182
-26.5    187
-25.5    221
-24.5    307
-23.5    361
-22.5    450
-21.5    514
-20.5    593
-19.5    664
-18.5    719
-17.5    716
-16.5    838
-15.5    820
-14.5    844
-13.5    871
-12.5    798
-11.5    796
-10.5    773
-9.5    649
-8.5    656
-7.5    557
-6.5    578
-5.5    570
-4.5    570
-3.5    552
-2.5    483
-1.5    469
-0.5    495
0.5    470
1.5    501
2.5    437
3.5    382
4.5    386
5.5    356
6.5    316
7.5    283
8.5    276
9.5    229
10.5    173
11.5    150
12.5    129
13.5    100
14.5    104
15.5    51
16.5    56
17.5    39
18.5    34
19.5    30
20.5    25
21.5    9
22.5    18
23.5    11
24.5    17
25.5    14
26.5    6
27.5    8
28.5    10
29.5    5
30.5    5
