-38.5    8
-37.5    7
-36.5    12
-35.5    10
-34.5    17
-33.5    22
-32.5    9
-31.5    27
-30.5    36
-29.5    35
-28.5    59
-27.5    92
-26.5    77
-25.5    107
-24.5    138
-23.5    152
-22.5    185
-21.5    182
-20.5    226
-19.5    246
-18.5    243
-17.5    264
-16.5    370
-15.5    333
-14.5    337
-13.5    393
-12.5    343
-11.5    368
-10.5    400
-9.5    376
-8.5    405
-7.5    428
-6.5    469
-5.5    508
-4.5    533
-3.5    633
-2.5    614
-1.5    619
-0.5    654
0.5    596
1.5    652
2.5    633
3.5    576
4.5    530
5.5    484
6.5    414
7.5    403
8.5    314
9.5    263
10.5    193
11.5    158
12.5    137
13.5    121
14.5    61
15.5    68
16.5    68
17.5    30
18.5    29
19.5    19
20.5    19
21.5    14
22.5    9
23.5    7
24.5    12
25.5    7
26.5    10
27.5    0
28.5    3
29.5    5
30.5    4
