-38.5    12
-37.5    7
-36.5    13
-35.5    24
-34.5    23
-33.5    19
-32.5    35
-31.5    60
-30.5    66
-29.5    67
-28.5    100
-27.5    124
-26.5    138
-25.5    204
-24.5    225
-23.5    260
-22.5    330
-21.5    383
-20.5    400
-19.5    499
-18.5    443
-17.5    493
-16.5    564
-15.5    525
-14.5    608
-13.5    578
-12.5    502
-11.5    602
-10.5    541
-9.5    471
-8.5    467
-7.5    424
-6.5    440
-5.5    400
-4.5    410
-3.5    374
-2.5    374
-1.5    389
-0.5    400
0.5    365
1.5    368
2.5    363
3.5    289
4.5    309
5.5    282
6.5    243
7.5    216
8.5    203
9.5    157
10.5    132
11.5    111
12.5    100
13.5    95
14.5    52
15.5    46
16.5    55
17.5    40
18.5    23
19.5    17
20.5    17
21.5    16
22.5    10
23.5    7
24.5    11
25.5    10
26.5    6
27.5    8
28.5    5
29.5    7
30.5    3
