-38.5    2
-37.5    7
-36.5    4
-35.5    7
-34.5    7
-33.5    6
-32.5    9
-31.5    7
-30.5    10
-29.5    10
-28.5    5
-27.5    19
-26.5    21
-25.5    15
-24.5    20
-23.5    30
-22.5    26
-21.5    35
-20.5    42
-19.5    45
-18.5    68
-17.5    73
-16.5    94
-15.5    115
-14.5    118
-13.5    132
-12.5    167
-11.5    221
-10.5    264
-9.5    272
-8.5    378
-7.5    424
-6.5    522
-5.5    619
-4.5    630
-3.5    675
-2.5    760
-1.5    818
-0.5    794
0.5    839
1.5    745
2.5    767
3.5    688
4.5    654
5.5    611
6.5    491
7.5    416
8.5    389
9.5    294
10.5    267
11.5    174
12.5    152
13.5    122
14.5    88
15.5    68
16.5    58
17.5    58
18.5    41
19.5    23
20.5    21
21.5    12
22.5    11
23.5    12
24.5    4
25.5    8
26.5    9
27.5    4
28.5    5
29.5    5
30.5    5
