-38.5    2
-37.5    6
-36.5    2
-35.5    5
-34.5    12
-33.5    5
-32.5    9
-31.5    9
-30.5    8
-29.5    11
-28.5    13
-27.5    18
-26.5    26
-25.5    17
-24.5    19
-23.5    26
-22.5    31
-21.5    37
-20.5    51
-19.5    44
-18.5    68
-17.5    79
-16.5    90
-15.5    109
-14.5    121
-13.5    147
-12.5    197
-11.5    239
-10.5    282
-9.5    280
-8.5    390
-7.5    437
-6.5    511
-5.5    609
-4.5    682
-3.5    682
-2.5    820
-1.5    827
-0.5    807
0.5    858
1.5    738
2.5    758
3.5    705
4.5    633
5.5    634
6.5    491
7.5    427
8.5    383
9.5    286
10.5    240
11.5    182
12.5    162
13.5    116
14.5    95
15.5    64
16.5    50
17.5    49
18.5    40
19.5    18
20.5    26
21.5    13
22.5    14
23.5    13
24.5    3
25.5    7
26.5    6
27.5    8
28.5    7
29.5    2
30.5    3
