-38.5    10
-37.5    1
-36.5    7
-35.5    15
-34.5    18
-33.5    36
-32.5    33
-31.5    47
-30.5    55
-29.5    83
-28.5    94
-27.5    148
-26.5    161
-25.5    230
-24.5    262
-23.5    342
-22.5    416
-21.5    458
-20.5    525
-19.5    622
-18.5    666
-17.5    714
-16.5    797
-15.5    795
-14.5    866
-13.5    798
-12.5    792
-11.5    798
-10.5    696
-9.5    662
-8.5    562
-7.5    498
-6.5    413
-5.5    412
-4.5    308
-3.5    283
-2.5    225
-1.5    197
-0.5    167
0.5    120
1.5    101
2.5    78
3.5    76
4.5    76
5.5    74
6.5    59
7.5    50
8.5    39
9.5    47
10.5    26
11.5    35
12.5    32
13.5    19
14.5    16
15.5    20
16.5    19
17.5    21
18.5    12
19.5    18
20.5    12
21.5    10
22.5    16
23.5    6
24.5    9
25.5    14
26.5    14
27.5    8
28.5    11
29.5    10
30.5    5
