-38.5    4
-37.5    7
-36.5    5
-35.5    8
-34.5    9
-33.5    7
-32.5    7
-31.5    16
-30.5    16
-29.5    16
-28.5    22
-27.5    35
-26.5    35
-25.5    42
-24.5    58
-23.5    64
-22.5    66
-21.5    77
-20.5    75
-19.5    121
-18.5    116
-17.5    120
-16.5    152
-15.5    157
-14.5    180
-13.5    212
-12.5    235
-11.5    248
-10.5    303
-9.5    345
-8.5    419
-7.5    465
-6.5    563
-5.5    676
-4.5    736
-3.5    787
-2.5    797
-1.5    855
-0.5    865
0.5    878
1.5    783
2.5    780
3.5    755
4.5    676
5.5    617
6.5    546
7.5    446
8.5    400
9.5    301
10.5    286
11.5    224
12.5    156
13.5    131
14.5    97
15.5    61
16.5    64
17.5    44
18.5    35
19.5    25
20.5    28
21.5    19
22.5    9
23.5    8
24.5    15
25.5    7
26.5    4
27.5    3
28.5    5
29.5    5
30.5    0
