-38.5    11
-37.5    7
-36.5    13
-35.5    19
-34.5    21
-33.5    34
-32.5    33
-31.5    40
-30.5    65
-29.5    69
-28.5    116
-27.5    133
-26.5    161
-25.5    211
-24.5    243
-23.5    274
-22.5    371
-21.5    404
-20.5    475
-19.5    617
-18.5    569
-17.5    676
-16.5    748
-15.5    700
-14.5    713
-13.5    719
-12.5    689
-11.5    696
-10.5    671
-9.5    557
-8.5    545
-7.5    472
-6.5    405
-5.5    392
-4.5    362
-3.5    326
-2.5    276
-1.5    288
-0.5    254
0.5    242
1.5    225
2.5    195
3.5    177
4.5    202
5.5    157
6.5    139
7.5    146
8.5    95
9.5    103
10.5    90
11.5    78
12.5    54
13.5    68
14.5    44
15.5    42
16.5    33
17.5    26
18.5    20
19.5    12
20.5    24
21.5    8
22.5    15
23.5    12
24.5    7
25.5    12
26.5    8
27.5    7
28.5    9
29.5    7
30.5    3
