-38.5    4
-37.5    9
-36.5    7
-35.5    10
-34.5    14
-33.5    15
-32.5    13
-31.5    17
-30.5    38
-29.5    26
-28.5    53
-27.5    71
-26.5    76
-25.5    87
-24.5    119
-23.5    101
-22.5    147
-21.5    204
-20.5    179
-19.5    205
-18.5    230
-17.5    231
-16.5    274
-15.5    305
-14.5    287
-13.5    331
-12.5    298
-11.5    345
-10.5    357
-9.5    317
-8.5    427
-7.5    429
-6.5    510
-5.5    566
-4.5    600
-3.5    641
-2.5    677
-1.5    648
-0.5    716
0.5    674
1.5    698
2.5    711
3.5    588
4.5    582
5.5    575
6.5    464
7.5    364
8.5    364
9.5    255
10.5    263
11.5    173
12.5    118
13.5    108
14.5    88
15.5    76
16.5    64
17.5    43
18.5    40
19.5    31
20.5    23
21.5    14
22.5    16
23.5    9
24.5    12
25.5    8
26.5    10
27.5    3
28.5    7
29.5    3
30.5    3
