-38.5    7
-37.5    9
-36.5    11
-35.5    6
-34.5    11
-33.5    26
-32.5    27
-31.5    32
-30.5    46
-29.5    44
-28.5    89
-27.5    93
-26.5    124
-25.5    134
-24.5    192
-23.5    196
-22.5    227
-21.5    264
-20.5    305
-19.5    363
-18.5    393
-17.5    397
-16.5    447
-15.5    435
-14.5    434
-13.5    436
-12.5    464
-11.5    456
-10.5    456
-9.5    407
-8.5    422
-7.5    441
-6.5    430
-5.5    450
-4.5    476
-3.5    479
-2.5    530
-1.5    470
-0.5    535
0.5    493
1.5    477
2.5    484
3.5    406
4.5    455
5.5    385
6.5    325
7.5    305
8.5    271
9.5    193
10.5    184
11.5    140
12.5    112
13.5    111
14.5    85
15.5    50
16.5    54
17.5    28
18.5    31
19.5    25
20.5    23
21.5    12
22.5    13
23.5    8
24.5    14
25.5    7
26.5    6
27.5    7
28.5    7
29.5    3
30.5    5
