-38.5    11
-37.5    13
-36.5    16
-35.5    14
-34.5    22
-33.5    35
-32.5    16
-31.5    40
-30.5    50
-29.5    52
-28.5    95
-27.5    131
-26.5    117
-25.5    164
-24.5    224
-23.5    230
-22.5    266
-21.5    293
-20.5    343
-19.5    385
-18.5    376
-17.5    426
-16.5    563
-15.5    502
-14.5    507
-13.5    593
-12.5    510
-11.5    550
-10.5    588
-9.5    562
-8.5    609
-7.5    663
-6.5    696
-5.5    761
-4.5    815
-3.5    915
-2.5    903
-1.5    923
-0.5    958
0.5    909
1.5    933
2.5    931
3.5    838
4.5    789
5.5    701
6.5    614
7.5    608
8.5    457
9.5    398
10.5    318
11.5    240
12.5    212
13.5    181
14.5    111
15.5    106
16.5    92
17.5    53
18.5    43
19.5    33
20.5    27
21.5    16
22.5    14
23.5    18
24.5    15
25.5    10
26.5    12
27.5    4
28.5    4
29.5    8
30.5    7
