-38.5    13
-37.5    16
-36.5    30
-35.5    28
-34.5    25
-33.5    52
-32.5    50
-31.5    66
-30.5    97
-29.5    95
-28.5    177
-27.5    180
-26.5    272
-25.5    327
-24.5    347
-23.5    435
-22.5    574
-21.5    626
-20.5    706
-19.5    915
-18.5    944
-17.5    1060
-16.5    1122
-15.5    1096
-14.5    1117
-13.5    1121
-12.5    1008
-11.5    1102
-10.5    998
-9.5    870
-8.5    825
-7.5    663
-6.5    641
-5.5    569
-4.5    504
-3.5    449
-2.5    403
-1.5    414
-0.5    337
0.5    328
1.5    308
2.5    269
3.5    258
4.5    267
5.5    223
6.5    201
7.5    189
8.5    130
9.5    146
10.5    125
11.5    104
12.5    70
13.5    76
14.5    65
15.5    59
16.5    40
17.5    32
18.5    34
19.5    30
20.5    34
21.5    22
22.5    19
23.5    13
24.5    13
25.5    20
26.5    15
27.5    8
28.5    15
29.5    10
30.5    7
