-38.5    16
-37.5    20
-36.5    16
-35.5    22
-34.5    33
-33.5    51
-32.5    43
-31.5    57
-30.5    91
-29.5    106
-28.5    159
-27.5    166
-26.5    203
-25.5    290
-24.5    365
-23.5    395
-22.5    508
-21.5    557
-20.5    643
-19.5    755
-18.5    821
-17.5    912
-16.5    977
-15.5    894
-14.5    962
-13.5    942
-12.5    886
-11.5    1005
-10.5    870
-9.5    773
-8.5    744
-7.5    668
-6.5    624
-5.5    589
-4.5    602
-3.5    542
-2.5    500
-1.5    555
-0.5    522
0.5    495
1.5    472
2.5    449
3.5    416
4.5    389
5.5    364
6.5    296
7.5    303
8.5    227
9.5    207
10.5    195
11.5    151
12.5    97
13.5    100
14.5    85
15.5    65
16.5    55
17.5    47
18.5    32
19.5    32
20.5    36
21.5    28
22.5    14
23.5    17
24.5    18
25.5    11
26.5    13
27.5    11
28.5    7
29.5    12
30.5    5
