-38.5    12
-37.5    13
-36.5    7
-35.5    11
-34.5    31
-33.5    36
-32.5    28
-31.5    45
-30.5    59
-29.5    67
-28.5    119
-27.5    121
-26.5    150
-25.5    173
-24.5    227
-23.5    286
-22.5    351
-21.5    386
-20.5    447
-19.5    522
-18.5    589
-17.5    628
-16.5    707
-15.5    635
-14.5    646
-13.5    691
-12.5    631
-11.5    645
-10.5    592
-9.5    501
-8.5    504
-7.5    440
-6.5    432
-5.5    406
-4.5    381
-3.5    371
-2.5    344
-1.5    367
-0.5    348
0.5    298
1.5    293
2.5    258
3.5    287
4.5    256
5.5    228
6.5    185
7.5    164
8.5    147
9.5    134
10.5    119
11.5    88
12.5    79
13.5    61
14.5    65
15.5    36
16.5    35
17.5    30
18.5    22
19.5    24
20.5    20
21.5    20
22.5    7
23.5    15
24.5    11
25.5    3
26.5    9
27.5    8
28.5    1
29.5    6
30.5    5
