-38.5    8
-37.5    5
-36.5    11
-35.5    13
-34.5    20
-33.5    23
-32.5    29
-31.5    40
-30.5    69
-29.5    63
-28.5    105
-27.5    119
-26.5    108
-25.5    175
-24.5    217
-23.5    271
-22.5    327
-21.5    368
-20.5    370
-19.5    502
-18.5    455
-17.5    525
-16.5    584
-15.5    520
-14.5    578
-13.5    544
-12.5    516
-11.5    583
-10.5    527
-9.5    474
-8.5    473
-7.5    434
-6.5    445
-5.5    407
-4.5    424
-3.5    417
-2.5    387
-1.5    392
-0.5    437
0.5    393
1.5    379
2.5    378
3.5    338
4.5    319
5.5    295
6.5    264
7.5    248
8.5    203
9.5    173
10.5    148
11.5    114
12.5    102
13.5    87
14.5    54
15.5    44
16.5    44
17.5    34
18.5    28
19.5    22
20.5    17
21.5    16
22.5    6
23.5    11
24.5    6
25.5    5
26.5    5
27.5    7
28.5    6
29.5    6
30.5    6
