-38.5    10
-37.5    16
-36.5    16
-35.5    15
-34.5    18
-33.5    21
-32.5    47
-31.5    46
-30.5    81
-29.5    90
-28.5    108
-27.5    136
-26.5    159
-25.5    230
-24.5    287
-23.5    330
-22.5    442
-21.5    467
-20.5    556
-19.5    666
-18.5    654
-17.5    789
-16.5    811
-15.5    773
-14.5    828
-13.5    809
-12.5    758
-11.5    729
-10.5    692
-9.5    612
-8.5    584
-7.5    573
-6.5    417
-5.5    414
-4.5    343
-3.5    288
-2.5    238
-1.5    211
-0.5    151
0.5    134
1.5    124
2.5    115
3.5    109
4.5    76
5.5    69
6.5    74
7.5    48
8.5    48
9.5    28
10.5    45
11.5    38
12.5    31
13.5    27
14.5    20
15.5    18
16.5    19
17.5    13
18.5    8
19.5    22
20.5    16
21.5    9
22.5    9
23.5    14
24.5    14
25.5    5
26.5    9
27.5    10
28.5    10
29.5    10
30.5    3
