-38.5    8
-37.5    4
-36.5    4
-35.5    6
-34.5    8
-33.5    10
-32.5    17
-31.5    18
-30.5    21
-29.5    35
-28.5    29
-27.5    33
-26.5    42
-25.5    48
-24.5    68
-23.5    72
-22.5    83
-21.5    95
-20.5    85
-19.5    102
-18.5    160
-17.5    123
-16.5    149
-15.5    165
-14.5    203
-13.5    217
-12.5    221
-11.5    289
-10.5    323
-9.5    392
-8.5    385
-7.5    474
-6.5    539
-5.5    642
-4.5    666
-3.5    746
-2.5    780
-1.5    723
-0.5    835
0.5    886
1.5    815
2.5    793
3.5    721
4.5    664
5.5    646
6.5    552
7.5    409
8.5    366
9.5    289
10.5    277
11.5    233
12.5    174
13.5    114
14.5    85
15.5    79
16.5    45
17.5    43
18.5    29
19.5    31
20.5    18
21.5    13
22.5    14
23.5    9
24.5    15
25.5    4
26.5    2
27.5    2
28.5    5
29.5    1
30.5    4
