-38.5    9
-37.5    10
-36.5    20
-35.5    19
-34.5    17
-33.5    37
-32.5    38
-31.5    36
-30.5    63
-29.5    62
-28.5    126
-27.5    129
-26.5    176
-25.5    226
-24.5    232
-23.5    288
-22.5    398
-21.5    405
-20.5    464
-19.5    642
-18.5    597
-17.5    703
-16.5    748
-15.5    749
-14.5    745
-13.5    761
-12.5    663
-11.5    730
-10.5    639
-9.5    569
-8.5    566
-7.5    457
-6.5    419
-5.5    373
-4.5    346
-3.5    302
-2.5    262
-1.5    275
-0.5    234
0.5    236
1.5    209
2.5    183
3.5    181
4.5    182
5.5    148
6.5    135
7.5    137
8.5    76
9.5    101
10.5    85
11.5    70
12.5    45
13.5    53
14.5    42
15.5    42
16.5    28
17.5    21
18.5    21
19.5    18
20.5    25
21.5    13
22.5    15
23.5    9
24.5    8
25.5    15
26.5    12
27.5    6
28.5    9
29.5    4
30.5    6
