-38.5    1
-37.5    4
-36.5    3
-35.5    5
-34.5    5
-33.5    4
-32.5    10
-31.5    13
-30.5    10
-29.5    19
-28.5    18
-27.5    20
-26.5    22
-25.5    34
-24.5    46
-23.5    48
-22.5    46
-21.5    60
-20.5    73
-19.5    75
-18.5    95
-17.5    89
-16.5    106
-15.5    117
-14.5    132
-13.5    173
-12.5    190
-11.5    251
-10.5    286
-9.5    308
-8.5    435
-7.5    486
-6.5    571
-5.5    619
-4.5    718
-3.5    757
-2.5    847
-1.5    823
-0.5    869
0.5    861
1.5    785
2.5    861
3.5    747
4.5    658
5.5    658
6.5    499
7.5    436
8.5    410
9.5    334
10.5    250
11.5    243
12.5    149
13.5    113
14.5    101
15.5    66
16.5    54
17.5    47
18.5    25
19.5    22
20.5    26
21.5    16
22.5    8
23.5    8
24.5    4
25.5    6
26.5    7
27.5    3
28.5    6
29.5    3
30.5    4
