-38.5    16
-37.5    19
-36.5    23
-35.5    30
-34.5    34
-33.5    36
-32.5    35
-31.5    71
-30.5    72
-29.5    110
-28.5    154
-27.5    224
-26.5    242
-25.5    309
-24.5    372
-23.5    495
-22.5    598
-21.5    671
-20.5    765
-19.5    910
-18.5    930
-17.5    1074
-16.5    1146
-15.5    1111
-14.5    1246
-13.5    1233
-12.5    1055
-11.5    1101
-10.5    1037
-9.5    913
-8.5    862
-7.5    711
-6.5    666
-5.5    552
-4.5    500
-3.5    447
-2.5    364
-1.5    336
-0.5    297
0.5    281
1.5    251
2.5    231
3.5    222
4.5    189
5.5    152
6.5    153
7.5    122
8.5    120
9.5    89
10.5    102
11.5    71
12.5    59
13.5    59
14.5    40
15.5    44
16.5    49
17.5    18
18.5    26
19.5    24
20.5    23
21.5    21
22.5    19
23.5    12
24.5    17
25.5    10
26.5    12
27.5    11
28.5    21
29.5    19
30.5    5
