-38.5    9
-37.5    15
-36.5    11
-35.5    17
-34.5    14
-33.5    28
-32.5    30
-31.5    37
-30.5    62
-29.5    77
-28.5    99
-27.5    112
-26.5    128
-25.5    210
-24.5    247
-23.5    261
-22.5    321
-21.5    360
-20.5    420
-19.5    490
-18.5    526
-17.5    598
-16.5    641
-15.5    568
-14.5    638
-13.5    607
-12.5    584
-11.5    659
-10.5    563
-9.5    525
-8.5    483
-7.5    443
-6.5    420
-5.5    399
-4.5    402
-3.5    369
-2.5    329
-1.5    381
-0.5    346
0.5    337
1.5    325
2.5    317
3.5    270
4.5    251
5.5    251
6.5    194
7.5    212
8.5    150
9.5    135
10.5    126
11.5    101
12.5    64
13.5    70
14.5    54
15.5    48
16.5    34
17.5    32
18.5    25
19.5    19
20.5    20
21.5    19
22.5    11
23.5    10
24.5    14
25.5    10
26.5    8
27.5    8
28.5    7
29.5    9
30.5    3
