-38.5    5
-37.5    4
-36.5    7
-35.5    13
-34.5    13
-33.5    26
-32.5    27
-31.5    30
-30.5    40
-29.5    50
-28.5    85
-27.5    97
-26.5    124
-25.5    136
-24.5    203
-23.5    200
-22.5    267
-21.5    263
-20.5    310
-19.5    394
-18.5    387
-17.5    408
-16.5    482
-15.5    443
-14.5    430
-13.5    446
-12.5    471
-11.5    493
-10.5    459
-9.5    398
-8.5    452
-7.5    456
-6.5    417
-5.5    436
-4.5    460
-3.5    503
-2.5    519
-1.5    471
-0.5    518
0.5    518
1.5    487
2.5    472
3.5    397
4.5    423
5.5    376
6.5    307
7.5    285
8.5    280
9.5    192
10.5    177
11.5    157
12.5    109
13.5    95
14.5    71
15.5    45
16.5    56
17.5    42
18.5    28
19.5    32
20.5    27
21.5    12
22.5    12
23.5    11
24.5    11
25.5    10
26.5    4
27.5    8
28.5    5
29.5    3
30.5    5
