-38.5    1
-37.5    4
-36.5    9
-35.5    6
-34.5    7
-33.5    12
-32.5    17
-31.5    24
-30.5    34
-29.5    25
-28.5    28
-27.5    51
-26.5    61
-25.5    77
-24.5    114
-23.5    101
-22.5    140
-21.5    157
-20.5    140
-19.5    204
-18.5    205
-17.5    223
-16.5    245
-15.5    241
-14.5    221
-13.5    241
-12.5    220
-11.5    237
-10.5    267
-9.5    210
-8.5    236
-7.5    229
-6.5    217
-5.5    221
-4.5    221
-3.5    248
-2.5    230
-1.5    239
-0.5    211
0.5    232
1.5    249
2.5    216
3.5    184
4.5    204
5.5    180
6.5    140
7.5    154
8.5    109
9.5    117
10.5    87
11.5    80
12.5    56
13.5    52
14.5    35
15.5    32
16.5    25
17.5    21
18.5    14
19.5    11
20.5    4
21.5    12
22.5    9
23.5    6
24.5    4
25.5    2
26.5    0
27.5    6
28.5    0
29.5    3
30.5    1
