-38.5    6
-37.5    7
-36.5    12
-35.5    11
-34.5    11
-33.5    25
-32.5    21
-31.5    25
-30.5    45
-29.5    43
-28.5    65
-27.5    81
-26.5    104
-25.5    128
-24.5    150
-23.5    150
-22.5    246
-21.5    227
-20.5    277
-19.5    330
-18.5    358
-17.5    351
-16.5    428
-15.5    379
-14.5    369
-13.5    457
-12.5    372
-11.5    416
-10.5    421
-9.5    394
-8.5    454
-7.5    435
-6.5    462
-5.5    526
-4.5    486
-3.5    521
-2.5    540
-1.5    530
-0.5    623
0.5    582
1.5    534
2.5    544
3.5    489
4.5    458
5.5    482
6.5    369
7.5    325
8.5    295
9.5    222
10.5    184
11.5    151
12.5    113
13.5    104
14.5    75
15.5    70
16.5    54
17.5    45
18.5    37
19.5    25
20.5    23
21.5    6
22.5    18
23.5    6
24.5    7
25.5    14
26.5    5
27.5    9
28.5    3
29.5    4
30.5    5
