-38.5    2
-37.5    5
-36.5    4
-35.5    7
-34.5    7
-33.5    12
-32.5    2
-31.5    19
-30.5    19
-29.5    15
-28.5    35
-27.5    41
-26.5    37
-25.5    52
-24.5    66
-23.5    86
-22.5    91
-21.5    97
-20.5    113
-19.5    133
-18.5    123
-17.5    138
-16.5    197
-15.5    171
-14.5    171
-13.5    204
-12.5    180
-11.5    177
-10.5    207
-9.5    204
-8.5    202
-7.5    217
-6.5    222
-5.5    244
-4.5    258
-3.5    303
-2.5    296
-1.5    283
-0.5    328
0.5    277
1.5    320
2.5    310
3.5    300
4.5    267
5.5    241
6.5    192
7.5    194
8.5    155
9.5    138
10.5    89
11.5    77
12.5    61
13.5    76
14.5    31
15.5    28
16.5    33
17.5    14
18.5    14
19.5    10
20.5    11
21.5    4
22.5    7
23.5    4
24.5    7
25.5    3
26.5    4
27.5    0
28.5    2
29.5    2
30.5    3
