-38.5    1
-37.5    2
-36.5    4
-35.5    5
-34.5    6
-33.5    4
-32.5    11
-31.5    15
-30.5    13
-29.5    22
-28.5    14
-27.5    30
-26.5    22
-25.5    35
-24.5    49
-23.5    45
-22.5    51
-21.5    59
-20.5    88
-19.5    87
-18.5    106
-17.5    107
-16.5    124
-15.5    140
-14.5    156
-13.5    170
-12.5    190
-11.5    242
-10.5    292
-9.5    317
-8.5    409
-7.5    475
-6.5    576
-5.5    649
-4.5    689
-3.5    780
-2.5    840
-1.5    853
-0.5    909
0.5    875
1.5    777
2.5    858
3.5    737
4.5    663
5.5    674
6.5    536
7.5    459
8.5    414
9.5    332
10.5    275
11.5    221
12.5    148
13.5    115
14.5    94
15.5    70
16.5    51
17.5    43
18.5    43
19.5    25
20.5    28
21.5    20
22.5    9
23.5    13
24.5    1
25.5    3
26.5    6
27.5    1
28.5    5
29.5    1
30.5    2
