-38.5    9
-37.5    7
-36.5    15
-35.5    16
-34.5    29
-33.5    42
-32.5    30
-31.5    39
-30.5    67
-29.5    77
-28.5    124
-27.5    155
-26.5    177
-25.5    214
-24.5    274
-23.5    345
-22.5    429
-21.5    461
-20.5    505
-19.5    614
-18.5    634
-17.5    737
-16.5    772
-15.5    810
-14.5    858
-13.5    784
-12.5    763
-11.5    739
-10.5    700
-9.5    646
-8.5    558
-7.5    523
-6.5    428
-5.5    418
-4.5    310
-3.5    268
-2.5    199
-1.5    182
-0.5    167
0.5    141
1.5    92
2.5    68
3.5    79
4.5    74
5.5    67
6.5    53
7.5    51
8.5    49
9.5    37
10.5    31
11.5    37
12.5    30
13.5    28
14.5    11
15.5    27
16.5    24
17.5    15
18.5    12
19.5    20
20.5    9
21.5    8
22.5    12
23.5    6
24.5    8
25.5    9
26.5    13
27.5    7
28.5    9
29.5    7
30.5    7
