-38.5    12
-37.5    9
-36.5    10
-35.5    21
-34.5    24
-33.5    24
-32.5    24
-31.5    48
-30.5    58
-29.5    68
-28.5    98
-27.5    146
-26.5    162
-25.5    204
-24.5    239
-23.5    349
-22.5    416
-21.5    468
-20.5    521
-19.5    612
-18.5    631
-17.5    734
-16.5    755
-15.5    744
-14.5    820
-13.5    803
-12.5    686
-11.5    742
-10.5    698
-9.5    608
-8.5    582
-7.5    480
-6.5    444
-5.5    365
-4.5    337
-3.5    289
-2.5    246
-1.5    214
-0.5    191
0.5    189
1.5    160
2.5    146
3.5    151
4.5    119
5.5    93
6.5    94
7.5    80
8.5    79
9.5    49
10.5    68
11.5    45
12.5    36
13.5    39
14.5    24
15.5    32
16.5    32
17.5    9
18.5    19
19.5    12
20.5    13
21.5    14
22.5    11
23.5    9
24.5    11
25.5    7
26.5    6
27.5    8
28.5    16
29.5    11
30.5    4
