-38.5    14
-37.5    11
-36.5    18
-35.5    27
-34.5    34
-33.5    31
-32.5    45
-31.5    75
-30.5    93
-29.5    98
-28.5    152
-27.5    182
-26.5    194
-25.5    280
-24.5    331
-23.5    400
-22.5    487
-21.5    552
-20.5    574
-19.5    743
-18.5    679
-17.5    775
-16.5    865
-15.5    782
-14.5    884
-13.5    833
-12.5    778
-11.5    880
-10.5    784
-9.5    712
-8.5    696
-7.5    645
-6.5    656
-5.5    607
-4.5    625
-3.5    585
-2.5    579
-1.5    595
-0.5    612
0.5    574
1.5    561
2.5    549
3.5    474
4.5    464
5.5    435
6.5    374
7.5    349
8.5    311
9.5    246
10.5    222
11.5    175
12.5    152
13.5    134
14.5    82
15.5    68
16.5    76
17.5    59
18.5    39
19.5    30
20.5    27
21.5    25
22.5    12
23.5    15
24.5    13
25.5    12
26.5    8
27.5    11
28.5    8
29.5    9
30.5    7
