-38.5    9
-37.5    6
-36.5    13
-35.5    8
-34.5    16
-33.5    28
-32.5    20
-31.5    34
-30.5    64
-29.5    62
-28.5    103
-27.5    103
-26.5    123
-25.5    154
-24.5    212
-23.5    256
-22.5    320
-21.5    336
-20.5    375
-19.5    480
-18.5    475
-17.5    533
-16.5    574
-15.5    527
-14.5    561
-13.5    522
-12.5    552
-11.5    539
-10.5    499
-9.5    450
-8.5    436
-7.5    448
-6.5    424
-5.5    416
-4.5    443
-3.5    456
-2.5    425
-1.5    436
-0.5    439
0.5    445
1.5    414
2.5    422
3.5    348
4.5    311
5.5    312
6.5    260
7.5    259
8.5    226
9.5    193
10.5    181
11.5    130
12.5    92
13.5    76
14.5    58
15.5    46
16.5    49
17.5    41
18.5    38
19.5    29
20.5    19
21.5    15
22.5    10
23.5    12
24.5    5
25.5    7
26.5    7
27.5    7
28.5    3
29.5    7
30.5    10
