-38.5    6
-37.5    10
-36.5    8
-35.5    11
-34.5    5
-33.5    8
-32.5    21
-31.5    15
-30.5    40
-29.5    42
-28.5    53
-27.5    59
-26.5    57
-25.5    102
-24.5    134
-23.5    130
-22.5    174
-21.5    170
-20.5    218
-19.5    268
-18.5    243
-17.5    288
-16.5    314
-15.5    292
-14.5    315
-13.5    302
-12.5    301
-11.5    345
-10.5    279
-9.5    243
-8.5    246
-7.5    220
-6.5    207
-5.5    202
-4.5    189
-3.5    189
-2.5    152
-1.5    184
-0.5    172
0.5    154
1.5    156
2.5    147
3.5    124
4.5    124
5.5    125
6.5    92
7.5    104
8.5    66
9.5    65
10.5    55
11.5    56
12.5    25
13.5    31
14.5    22
15.5    21
16.5    17
17.5    10
18.5    15
19.5    13
20.5    11
21.5    12
22.5    7
23.5    3
24.5    6
25.5    5
26.5    5
27.5    1
28.5    4
29.5    5
30.5    1
