-38.5    13
-37.5    4
-36.5    17
-35.5    14
-34.5    20
-33.5    24
-32.5    23
-31.5    38
-30.5    54
-29.5    66
-28.5    92
-27.5    104
-26.5    133
-25.5    167
-24.5    215
-23.5    222
-22.5    307
-21.5    314
-20.5    373
-19.5    453
-18.5    468
-17.5    502
-16.5    544
-15.5    541
-14.5    539
-13.5    551
-12.5    519
-11.5    505
-10.5    491
-9.5    452
-8.5    426
-7.5    453
-6.5    413
-5.5    434
-4.5    424
-3.5    454
-2.5    428
-1.5    471
-0.5    445
0.5    440
1.5    437
2.5    453
3.5    335
4.5    354
5.5    325
6.5    258
7.5    251
8.5    227
9.5    197
10.5    175
11.5    133
12.5    110
13.5    83
14.5    61
15.5    46
16.5    52
17.5    44
18.5    40
19.5    30
20.5    17
21.5    13
22.5    12
23.5    11
24.5    9
25.5    7
26.5    6
27.5    5
28.5    2
29.5    7
30.5    6
