-38.5    11
-37.5    8
-36.5    12
-35.5    17
-34.5    16
-33.5    29
-32.5    37
-31.5    43
-30.5    55
-29.5    80
-28.5    88
-27.5    150
-26.5    153
-25.5    230
-24.5    246
-23.5    308
-22.5    378
-21.5    439
-20.5    528
-19.5    582
-18.5    670
-17.5    663
-16.5    828
-15.5    789
-14.5    833
-13.5    833
-12.5    803
-11.5    788
-10.5    707
-9.5    675
-8.5    615
-7.5    449
-6.5    404
-5.5    401
-4.5    327
-3.5    288
-2.5    248
-1.5    187
-0.5    160
0.5    128
1.5    119
2.5    104
3.5    83
4.5    79
5.5    74
6.5    61
7.5    46
8.5    42
9.5    41
10.5    36
11.5    33
12.5    33
13.5    23
14.5    20
15.5    17
16.5    13
17.5    19
18.5    14
19.5    16
20.5    16
21.5    10
22.5    13
23.5    8
24.5    10
25.5    10
26.5    6
27.5    10
28.5    9
29.5    7
30.5    10
