-38.5    7
-37.5    5
-36.5    5
-35.5    5
-34.5    19
-33.5    23
-32.5    13
-31.5    20
-30.5    29
-29.5    29
-28.5    60
-27.5    54
-26.5    75
-25.5    80
-24.5    118
-23.5    134
-22.5    187
-21.5    197
-20.5    223
-19.5    265
-18.5    295
-17.5    314
-16.5    336
-15.5    326
-14.5    324
-13.5    335
-12.5    302
-11.5    346
-10.5    307
-9.5    248
-8.5    261
-7.5    225
-6.5    204
-5.5    190
-4.5    200
-3.5    173
-2.5    171
-1.5    174
-0.5    176
0.5    158
1.5    147
2.5    132
3.5    146
4.5    138
5.5    113
6.5    102
7.5    91
8.5    77
9.5    72
10.5    69
11.5    50
12.5    33
13.5    30
14.5    31
15.5    17
16.5    21
17.5    15
18.5    7
19.5    13
20.5    16
21.5    9
22.5    3
23.5    7
24.5    4
25.5    1
26.5    5
27.5    3
28.5    0
29.5    3
30.5    2
