-38.5    13
-37.5    14
-36.5    14
-35.5    29
-34.5    29
-33.5    47
-32.5    47
-31.5    85
-30.5    76
-29.5    104
-28.5    146
-27.5    180
-26.5    217
-25.5    322
-24.5    325
-23.5    392
-22.5    492
-21.5    575
-20.5    612
-19.5    736
-18.5    765
-17.5    831
-16.5    918
-15.5    802
-14.5    951
-13.5    901
-12.5    835
-11.5    891
-10.5    828
-9.5    792
-8.5    704
-7.5    682
-6.5    639
-5.5    596
-4.5    628
-3.5    549
-2.5    574
-1.5    566
-0.5    524
0.5    514
1.5    517
2.5    525
3.5    417
4.5    429
5.5    402
6.5    330
7.5    315
8.5    287
9.5    205
10.5    219
11.5    150
12.5    130
13.5    123
14.5    83
15.5    76
16.5    63
17.5    67
18.5    42
19.5    32
20.5    26
21.5    29
22.5    14
23.5    18
24.5    20
25.5    14
26.5    9
27.5    12
28.5    9
29.5    11
30.5    7
