-38.5    12
-37.5    7
-36.5    9
-35.5    13
-34.5    28
-33.5    25
-32.5    30
-31.5    50
-30.5    81
-29.5    64
-28.5    108
-27.5    114
-26.5    167
-25.5    205
-24.5    256
-23.5    275
-22.5    375
-21.5    406
-20.5    439
-19.5    549
-18.5    592
-17.5    632
-16.5    710
-15.5    687
-14.5    668
-13.5    710
-12.5    628
-11.5    647
-10.5    607
-9.5    507
-8.5    577
-7.5    520
-6.5    416
-5.5    385
-4.5    355
-3.5    345
-2.5    311
-1.5    274
-0.5    326
0.5    264
1.5    275
2.5    248
3.5    222
4.5    221
5.5    185
6.5    164
7.5    149
8.5    120
9.5    117
10.5    101
11.5    74
12.5    67
13.5    58
14.5    43
15.5    43
16.5    32
17.5    29
18.5    15
19.5    23
20.5    14
21.5    12
22.5    10
23.5    14
24.5    6
25.5    13
26.5    7
27.5    8
28.5    11
29.5    10
30.5    5
