-38.5    3
-37.5    7
-36.5    5
-35.5    5
-34.5    10
-33.5    18
-32.5    20
-31.5    15
-30.5    29
-29.5    35
-28.5    38
-27.5    59
-26.5    63
-25.5    89
-24.5    109
-23.5    114
-22.5    132
-21.5    139
-20.5    157
-19.5    202
-18.5    221
-17.5    251
-16.5    272
-15.5    260
-14.5    287
-13.5    307
-12.5    301
-11.5    321
-10.5    347
-9.5    359
-8.5    407
-7.5    438
-6.5    530
-5.5    574
-4.5    601
-3.5    617
-2.5    666
-1.5    707
-0.5    773
0.5    771
1.5    701
2.5    745
3.5    680
4.5    549
5.5    558
6.5    459
7.5    401
8.5    378
9.5    268
10.5    254
11.5    205
12.5    131
13.5    109
14.5    102
15.5    61
16.5    58
17.5    43
18.5    34
19.5    23
20.5    31
21.5    11
22.5    19
23.5    13
24.5    12
25.5    9
26.5    4
27.5    6
28.5    5
29.5    5
30.5    1
