-38.5    5
-37.5    3
-36.5    4
-35.5    2
-34.5    2
-33.5    11
-32.5    6
-31.5    5
-30.5    10
-29.5    19
-28.5    18
-27.5    22
-26.5    21
-25.5    17
-24.5    40
-23.5    44
-22.5    46
-21.5    69
-20.5    82
-19.5    76
-18.5    92
-17.5    79
-16.5    120
-15.5    118
-14.5    113
-13.5    151
-12.5    132
-11.5    155
-10.5    175
-9.5    166
-8.5    187
-7.5    230
-6.5    266
-5.5    320
-4.5    315
-3.5    322
-2.5    371
-1.5    376
-0.5    382
0.5    394
1.5    349
2.5    379
3.5    343
4.5    316
5.5    288
6.5    270
7.5    200
8.5    174
9.5    160
10.5    126
11.5    102
12.5    64
13.5    59
14.5    45
15.5    39
16.5    24
17.5    23
18.5    11
19.5    18
20.5    6
21.5    6
22.5    11
23.5    5
24.5    5
25.5    1
26.5    2
27.5    2
28.5    1
29.5    5
30.5    3
