-38.5    17
-37.5    20
-36.5    22
-35.5    31
-34.5    32
-33.5    44
-32.5    50
-31.5    65
-30.5    75
-29.5    138
-28.5    155
-27.5    223
-26.5    262
-25.5    352
-24.5    400
-23.5    436
-22.5    560
-21.5    646
-20.5    749
-19.5    922
-18.5    931
-17.5    1032
-16.5    1156
-15.5    1113
-14.5    1217
-13.5    1230
-12.5    1080
-11.5    1075
-10.5    1012
-9.5    887
-8.5    835
-7.5    714
-6.5    662
-5.5    607
-4.5    478
-3.5    467
-2.5    408
-1.5    375
-0.5    320
0.5    300
1.5    275
2.5    264
3.5    240
4.5    214
5.5    181
6.5    173
7.5    132
8.5    137
9.5    125
10.5    113
11.5    82
12.5    64
13.5    67
14.5    51
15.5    39
16.5    38
17.5    33
18.5    25
19.5    30
20.5    24
21.5    25
22.5    16
23.5    14
24.5    16
25.5    17
26.5    15
27.5    8
28.5    13
29.5    17
30.5    8
