-38.5    5
-37.5    9
-36.5    8
-35.5    9
-34.5    18
-33.5    26
-32.5    17
-31.5    26
-30.5    35
-29.5    39
-28.5    74
-27.5    79
-26.5    96
-25.5    121
-24.5    157
-23.5    164
-22.5    182
-21.5    253
-20.5    228
-19.5    283
-18.5    299
-17.5    313
-16.5    333
-15.5    375
-14.5    338
-13.5    397
-12.5    354
-11.5    374
-10.5    383
-9.5    389
-8.5    414
-7.5    469
-6.5    444
-5.5    512
-4.5    530
-3.5    581
-2.5    582
-1.5    558
-0.5    635
0.5    597
1.5    593
2.5    610
3.5    498
4.5    507
5.5    455
6.5    389
7.5    378
8.5    287
9.5    231
10.5    225
11.5    177
12.5    147
13.5    112
14.5    85
15.5    64
16.5    49
17.5    45
18.5    26
19.5    29
20.5    14
21.5    7
22.5    12
23.5    14
24.5    9
25.5    6
26.5    4
27.5    7
28.5    4
29.5    5
30.5    3
