-38.5    22
-37.5    18
-36.5    14
-35.5    17
-34.5    36
-33.5    52
-32.5    57
-31.5    78
-30.5    100
-29.5    101
-28.5    170
-27.5    186
-26.5    242
-25.5    290
-24.5    350
-23.5    441
-22.5    521
-21.5    632
-20.5    695
-19.5    792
-18.5    877
-17.5    976
-16.5    1074
-15.5    973
-14.5    1032
-13.5    1085
-12.5    909
-11.5    908
-10.5    881
-9.5    763
-8.5    806
-7.5    747
-6.5    670
-5.5    653
-4.5    551
-3.5    581
-2.5    477
-1.5    496
-0.5    485
0.5    442
1.5    413
2.5    364
3.5    357
4.5    358
5.5    316
6.5    265
7.5    237
8.5    193
9.5    184
10.5    140
11.5    113
12.5    116
13.5    86
14.5    78
15.5    65
16.5    48
17.5    47
18.5    39
19.5    41
20.5    25
21.5    28
22.5    12
23.5    21
24.5    14
25.5    12
26.5    10
27.5    17
28.5    9
29.5    13
30.5    8
