-38.5    9
-37.5    13
-36.5    7
-35.5    17
-34.5    15
-33.5    20
-32.5    42
-31.5    39
-30.5    71
-29.5    77
-28.5    111
-27.5    131
-26.5    149
-25.5    229
-24.5    279
-23.5    314
-22.5    375
-21.5    490
-20.5    557
-19.5    620
-18.5    648
-17.5    756
-16.5    795
-15.5    766
-14.5    830
-13.5    805
-12.5    771
-11.5    763
-10.5    675
-9.5    608
-8.5    556
-7.5    572
-6.5    428
-5.5    375
-4.5    327
-3.5    269
-2.5    234
-1.5    209
-0.5    174
0.5    160
1.5    128
2.5    133
3.5    118
4.5    76
5.5    71
6.5    75
7.5    56
8.5    44
9.5    37
10.5    42
11.5    35
12.5    33
13.5    29
14.5    28
15.5    26
16.5    22
17.5    16
18.5    12
19.5    24
20.5    16
21.5    12
22.5    15
23.5    10
24.5    13
25.5    5
26.5    8
27.5    13
28.5    12
29.5    6
30.5    4
