-38.5    5
-37.5    4
-36.5    4
-35.5    4
-34.5    4
-33.5    5
-32.5    12
-31.5    9
-30.5    14
-29.5    12
-28.5    17
-27.5    16
-26.5    25
-25.5    22
-24.5    34
-23.5    28
-22.5    41
-21.5    49
-20.5    48
-19.5    65
-18.5    67
-17.5    94
-16.5    87
-15.5    111
-14.5    116
-13.5    153
-12.5    206
-11.5    249
-10.5    301
-9.5    318
-8.5    371
-7.5    488
-6.5    522
-5.5    669
-4.5    664
-3.5    719
-2.5    827
-1.5    805
-0.5    850
0.5    903
1.5    764
2.5    782
3.5    734
4.5    651
5.5    598
6.5    508
7.5    415
8.5    385
9.5    289
10.5    227
11.5    206
12.5    166
13.5    107
14.5    108
15.5    74
16.5    59
17.5    61
18.5    22
19.5    27
20.5    20
21.5    12
22.5    11
23.5    12
24.5    15
25.5    12
26.5    4
27.5    1
28.5    3
29.5    4
30.5    3
