-38.5    4
-37.5    11
-36.5    4
-35.5    5
-34.5    13
-33.5    16
-32.5    14
-31.5    18
-30.5    31
-29.5    36
-28.5    46
-27.5    55
-26.5    65
-25.5    91
-24.5    110
-23.5    101
-22.5    140
-21.5    170
-20.5    157
-19.5    212
-18.5    215
-17.5    234
-16.5    297
-15.5    297
-14.5    290
-13.5    309
-12.5    303
-11.5    346
-10.5    357
-9.5    338
-8.5    411
-7.5    414
-6.5    549
-5.5    568
-4.5    582
-3.5    627
-2.5    658
-1.5    668
-0.5    731
0.5    712
1.5    695
2.5    717
3.5    622
4.5    582
5.5    560
6.5    458
7.5    372
8.5    392
9.5    262
10.5    247
11.5    187
12.5    139
13.5    96
14.5    95
15.5    79
16.5    49
17.5    51
18.5    39
19.5    25
20.5    25
21.5    14
22.5    17
23.5    11
24.5    12
25.5    11
26.5    6
27.5    4
28.5    8
29.5    2
30.5    3
