-38.5    9
-37.5    4
-36.5    16
-35.5    18
-34.5    21
-33.5    31
-32.5    20
-31.5    29
-30.5    55
-29.5    45
-28.5    74
-27.5    137
-26.5    118
-25.5    147
-24.5    185
-23.5    180
-22.5    268
-21.5    291
-20.5    304
-19.5    336
-18.5    377
-17.5    400
-16.5    423
-15.5    440
-14.5    480
-13.5    514
-12.5    468
-11.5    529
-10.5    583
-9.5    522
-8.5    623
-7.5    668
-6.5    724
-5.5    837
-4.5    856
-3.5    987
-2.5    957
-1.5    1007
-0.5    1047
0.5    989
1.5    1072
2.5    1003
3.5    852
4.5    782
5.5    761
6.5    655
7.5    589
8.5    499
9.5    376
10.5    351
11.5    252
12.5    196
13.5    162
14.5    131
15.5    101
16.5    96
17.5    53
18.5    48
19.5    45
20.5    29
21.5    19
22.5    23
23.5    14
24.5    15
25.5    9
26.5    15
27.5    2
28.5    5
29.5    7
30.5    6
