-38.5    11
-37.5    13
-36.5    18
-35.5    10
-34.5    21
-33.5    24
-32.5    34
-31.5    49
-30.5    73
-29.5    65
-28.5    96
-27.5    142
-26.5    166
-25.5    216
-24.5    242
-23.5    332
-22.5    396
-21.5    454
-20.5    506
-19.5    620
-18.5    655
-17.5    741
-16.5    784
-15.5    757
-14.5    800
-13.5    752
-12.5    806
-11.5    776
-10.5    690
-9.5    597
-8.5    594
-7.5    489
-6.5    453
-5.5    398
-4.5    324
-3.5    279
-2.5    255
-1.5    206
-0.5    186
0.5    191
1.5    154
2.5    109
3.5    117
4.5    102
5.5    93
6.5    85
7.5    65
8.5    54
9.5    60
10.5    49
11.5    45
12.5    36
13.5    23
14.5    25
15.5    23
16.5    27
17.5    22
18.5    14
19.5    17
20.5    10
21.5    18
22.5    19
23.5    15
24.5    15
25.5    10
26.5    11
27.5    12
28.5    8
29.5    3
30.5    16
