-38.5    8
-37.5    12
-36.5    21
-35.5    16
-34.5    21
-33.5    32
-32.5    37
-31.5    48
-30.5    72
-29.5    87
-28.5    116
-27.5    128
-26.5    189
-25.5    218
-24.5    279
-23.5    325
-22.5    425
-21.5    448
-20.5    516
-19.5    668
-18.5    654
-17.5    787
-16.5    850
-15.5    750
-14.5    785
-13.5    792
-12.5    809
-11.5    723
-10.5    699
-9.5    660
-8.5    577
-7.5    531
-6.5    461
-5.5    383
-4.5    342
-3.5    265
-2.5    244
-1.5    200
-0.5    163
0.5    134
1.5    150
2.5    97
3.5    101
4.5    80
5.5    54
6.5    64
7.5    60
8.5    61
9.5    28
10.5    39
11.5    34
12.5    25
13.5    22
14.5    19
15.5    19
16.5    17
17.5    16
18.5    12
19.5    13
20.5    12
21.5    9
22.5    7
23.5    14
24.5    17
25.5    7
26.5    6
27.5    8
28.5    10
29.5    12
30.5    2
