-38.5    6
-37.5    11
-36.5    12
-35.5    9
-34.5    10
-33.5    19
-32.5    22
-31.5    33
-30.5    42
-29.5    52
-28.5    72
-27.5    93
-26.5    118
-25.5    133
-24.5    175
-23.5    192
-22.5    221
-21.5    257
-20.5    299
-19.5    345
-18.5    379
-17.5    354
-16.5    457
-15.5    394
-14.5    384
-13.5    451
-12.5    430
-11.5    429
-10.5    431
-9.5    445
-8.5    440
-7.5    427
-6.5    441
-5.5    472
-4.5    479
-3.5    486
-2.5    508
-1.5    490
-0.5    557
0.5    526
1.5    502
2.5    485
3.5    441
4.5    478
5.5    419
6.5    364
7.5    313
8.5    257
9.5    217
10.5    195
11.5    143
12.5    116
13.5    117
14.5    91
15.5    76
16.5    54
17.5    30
18.5    40
19.5    21
20.5    16
21.5    13
22.5    18
23.5    11
24.5    11
25.5    6
26.5    5
27.5    5
28.5    5
29.5    5
30.5    3
