-38.5    3
-37.5    4
-36.5    7
-35.5    4
-34.5    8
-33.5    1
-32.5    10
-31.5    10
-30.5    13
-29.5    8
-28.5    16
-27.5    25
-26.5    23
-25.5    21
-24.5    37
-23.5    32
-22.5    37
-21.5    52
-20.5    60
-19.5    61
-18.5    66
-17.5    81
-16.5    104
-15.5    125
-14.5    137
-13.5    175
-12.5    217
-11.5    254
-10.5    307
-9.5    334
-8.5    364
-7.5    445
-6.5    526
-5.5    608
-4.5    650
-3.5    718
-2.5    832
-1.5    769
-0.5    848
0.5    877
1.5    783
2.5    827
3.5    713
4.5    653
5.5    592
6.5    535
7.5    413
8.5    400
9.5    323
10.5    239
11.5    205
12.5    168
13.5    136
14.5    107
15.5    65
16.5    54
17.5    68
18.5    32
19.5    20
20.5    24
21.5    16
22.5    16
23.5    7
24.5    13
25.5    7
26.5    3
27.5    2
28.5    4
29.5    5
30.5    4
