-38.5    6
-37.5    3
-36.5    11
-35.5    10
-34.5    15
-33.5    21
-32.5    12
-31.5    21
-30.5    34
-29.5    33
-28.5    45
-27.5    94
-26.5    77
-25.5    102
-24.5    123
-23.5    131
-22.5    188
-21.5    185
-20.5    210
-19.5    237
-18.5    252
-17.5    261
-16.5    297
-15.5    294
-14.5    334
-13.5    345
-12.5    316
-11.5    349
-10.5    400
-9.5    352
-8.5    412
-7.5    432
-6.5    484
-5.5    547
-4.5    554
-3.5    667
-2.5    638
-1.5    660
-0.5    681
0.5    658
1.5    709
2.5    646
3.5    568
4.5    503
5.5    493
6.5    426
7.5    411
8.5    329
9.5    261
10.5    214
11.5    169
12.5    146
13.5    101
14.5    82
15.5    68
16.5    59
17.5    34
18.5    32
19.5    27
20.5    17
21.5    12
22.5    12
23.5    11
24.5    9
25.5    8
26.5    9
27.5    0
28.5    3
29.5    4
30.5    5
