-38.5    5
-37.5    4
-36.5    6
-35.5    4
-34.5    5
-33.5    12
-32.5    16
-31.5    17
-30.5    17
-29.5    27
-28.5    36
-27.5    27
-26.5    44
-25.5    54
-24.5    75
-23.5    71
-22.5    82
-21.5    105
-20.5    110
-19.5    108
-18.5    158
-17.5    153
-16.5    184
-15.5    165
-14.5    195
-13.5    230
-12.5    241
-11.5    283
-10.5    366
-9.5    377
-8.5    414
-7.5    444
-6.5    580
-5.5    674
-4.5    638
-3.5    720
-2.5    812
-1.5    743
-0.5    831
0.5    819
1.5    812
2.5    815
3.5    701
4.5    636
5.5    645
6.5    513
7.5    436
8.5    329
9.5    300
10.5    266
11.5    208
12.5    191
13.5    130
14.5    97
15.5    93
16.5    52
17.5    48
18.5    36
19.5    36
20.5    15
21.5    14
22.5    10
23.5    10
24.5    12
25.5    6
26.5    5
27.5    2
28.5    2
29.5    4
30.5    2
