-38.5    10
-37.5    12
-36.5    13
-35.5    10
-34.5    14
-33.5    28
-32.5    39
-31.5    48
-30.5    63
-29.5    67
-28.5    108
-27.5    155
-26.5    185
-25.5    223
-24.5    258
-23.5    332
-22.5    404
-21.5    470
-20.5    511
-19.5    628
-18.5    626
-17.5    698
-16.5    783
-15.5    765
-14.5    826
-13.5    794
-12.5    733
-11.5    752
-10.5    684
-9.5    594
-8.5    563
-7.5    511
-6.5    469
-5.5    383
-4.5    320
-3.5    271
-2.5    257
-1.5    218
-0.5    211
0.5    189
1.5    143
2.5    132
3.5    137
4.5    108
5.5    83
6.5    100
7.5    75
8.5    71
9.5    60
10.5    60
11.5    44
12.5    44
13.5    32
14.5    28
15.5    20
16.5    20
17.5    18
18.5    14
19.5    13
20.5    11
21.5    14
22.5    19
23.5    14
24.5    12
25.5    10
26.5    7
27.5    10
28.5    16
29.5    7
30.5    13
