-38.5    13
-37.5    10
-36.5    9
-35.5    22
-34.5    22
-33.5    32
-32.5    39
-31.5    42
-30.5    61
-29.5    96
-28.5    99
-27.5    145
-26.5    182
-25.5    247
-24.5    267
-23.5    290
-22.5    378
-21.5    443
-20.5    505
-19.5    624
-18.5    632
-17.5    692
-16.5    765
-15.5    746
-14.5    791
-13.5    800
-12.5    711
-11.5    716
-10.5    673
-9.5    582
-8.5    555
-7.5    483
-6.5    440
-5.5    420
-4.5    315
-3.5    309
-2.5    290
-1.5    253
-0.5    214
0.5    208
1.5    184
2.5    179
3.5    169
4.5    144
5.5    122
6.5    114
7.5    90
8.5    96
9.5    85
10.5    79
11.5    56
12.5    41
13.5    47
14.5    35
15.5    27
16.5    21
17.5    24
18.5    18
19.5    18
20.5    14
21.5    18
22.5    8
23.5    11
24.5    10
25.5    14
26.5    9
27.5    5
28.5    8
29.5    9
30.5    7
