-38.5    4
-37.5    5
-36.5    5
-35.5    5
-34.5    11
-33.5    14
-32.5    20
-31.5    21
-30.5    34
-29.5    45
-28.5    56
-27.5    73
-26.5    91
-25.5    111
-24.5    121
-23.5    168
-22.5    230
-21.5    225
-20.5    292
-19.5    330
-18.5    330
-17.5    345
-16.5    400
-15.5    390
-14.5    387
-13.5    423
-12.5    408
-11.5    359
-10.5    375
-9.5    328
-8.5    332
-7.5    246
-6.5    215
-5.5    206
-4.5    157
-3.5    137
-2.5    122
-1.5    109
-0.5    94
0.5    73
1.5    60
2.5    60
3.5    50
4.5    37
5.5    52
6.5    37
7.5    26
8.5    18
9.5    30
10.5    24
11.5    26
12.5    14
13.5    17
14.5    12
15.5    12
16.5    13
17.5    4
18.5    12
19.5    13
20.5    5
21.5    6
22.5    11
23.5    4
24.5    5
25.5    5
26.5    3
27.5    5
28.5    6
29.5    6
30.5    10
