-38.5    6
-37.5    7
-36.5    12
-35.5    12
-34.5    11
-33.5    21
-32.5    25
-31.5    38
-30.5    40
-29.5    59
-28.5    59
-27.5    82
-26.5    104
-25.5    121
-24.5    159
-23.5    170
-22.5    228
-21.5    251
-20.5    282
-19.5    343
-18.5    376
-17.5    348
-16.5    465
-15.5    381
-14.5    372
-13.5    454
-12.5    416
-11.5    421
-10.5    408
-9.5    422
-8.5    446
-7.5    411
-6.5    434
-5.5    477
-4.5    481
-3.5    526
-2.5    503
-1.5    520
-0.5    575
0.5    582
1.5    514
2.5    507
3.5    486
4.5    466
5.5    445
6.5    360
7.5    316
8.5    264
9.5    218
10.5    190
11.5    158
12.5    102
13.5    121
14.5    79
15.5    72
16.5    63
17.5    41
18.5    47
19.5    22
20.5    19
21.5    9
22.5    23
23.5    10
24.5    9
25.5    9
26.5    3
27.5    6
28.5    2
29.5    6
30.5    3
