-38.5    15
-37.5    18
-36.5    23
-35.5    15
-34.5    32
-33.5    38
-32.5    54
-31.5    70
-30.5    107
-29.5    110
-28.5    152
-27.5    215
-26.5    257
-25.5    327
-24.5    363
-23.5    500
-22.5    626
-21.5    679
-20.5    798
-19.5    950
-18.5    985
-17.5    1086
-16.5    1184
-15.5    1147
-14.5    1187
-13.5    1175
-12.5    1214
-11.5    1135
-10.5    1065
-9.5    925
-8.5    926
-7.5    735
-6.5    668
-5.5    604
-4.5    481
-3.5    416
-2.5    377
-1.5    315
-0.5    280
0.5    264
1.5    214
2.5    169
3.5    167
4.5    139
5.5    145
6.5    122
7.5    91
8.5    72
9.5    90
10.5    73
11.5    71
12.5    50
13.5    40
14.5    37
15.5    35
16.5    40
17.5    26
18.5    26
19.5    30
20.5    15
21.5    24
22.5    30
23.5    19
24.5    20
25.5    15
26.5    14
27.5    17
28.5    14
29.5    9
30.5    26
