-38.5    11
-37.5    15
-36.5    18
-35.5    18
-34.5    25
-33.5    26
-32.5    26
-31.5    43
-30.5    42
-29.5    74
-28.5    102
-27.5    154
-26.5    164
-25.5    205
-24.5    259
-23.5    312
-22.5    397
-21.5    428
-20.5    506
-19.5    598
-18.5    622
-17.5    709
-16.5    755
-15.5    767
-14.5    826
-13.5    820
-12.5    724
-11.5    718
-10.5    690
-9.5    600
-8.5    586
-7.5    464
-6.5    450
-5.5    365
-4.5    346
-3.5    302
-2.5    233
-1.5    231
-0.5    203
0.5    193
1.5    173
2.5    153
3.5    142
4.5    125
5.5    110
6.5    105
7.5    86
8.5    86
9.5    65
10.5    68
11.5    49
12.5    40
13.5    37
14.5    30
15.5    33
16.5    36
17.5    15
18.5    16
19.5    15
20.5    18
21.5    16
22.5    11
23.5    9
24.5    14
25.5    9
26.5    9
27.5    7
28.5    10
29.5    10
30.5    4
