-38.5    7
-37.5    11
-36.5    6
-35.5    14
-34.5    17
-33.5    25
-32.5    40
-31.5    38
-30.5    65
-29.5    81
-28.5    113
-27.5    137
-26.5    168
-25.5    224
-24.5    265
-23.5    325
-22.5    400
-21.5    469
-20.5    544
-19.5    620
-18.5    655
-17.5    724
-16.5    808
-15.5    778
-14.5    783
-13.5    802
-12.5    794
-11.5    759
-10.5    712
-9.5    640
-8.5    608
-7.5    527
-6.5    446
-5.5    387
-4.5    328
-3.5    265
-2.5    241
-1.5    212
-0.5    188
0.5    161
1.5    143
2.5    131
3.5    111
4.5    76
5.5    85
6.5    70
7.5    55
8.5    43
9.5    50
10.5    44
11.5    39
12.5    31
13.5    31
14.5    31
15.5    29
16.5    26
17.5    13
18.5    19
19.5    24
20.5    13
21.5    12
22.5    19
23.5    8
24.5    12
25.5    7
26.5    7
27.5    10
28.5    13
29.5    8
30.5    12
