-38.5    4
-37.5    12
-36.5    16
-35.5    22
-34.5    24
-33.5    35
-32.5    44
-31.5    53
-30.5    80
-29.5    84
-28.5    116
-27.5    148
-26.5    175
-25.5    223
-24.5    310
-23.5    314
-22.5    429
-21.5    455
-20.5    489
-19.5    608
-18.5    623
-17.5    608
-16.5    795
-15.5    678
-14.5    698
-13.5    723
-12.5    681
-11.5    746
-10.5    739
-9.5    653
-8.5    736
-7.5    685
-6.5    633
-5.5    663
-4.5    670
-3.5    730
-2.5    686
-1.5    704
-0.5    679
0.5    716
1.5    719
2.5    647
3.5    564
4.5    597
5.5    514
6.5    447
7.5    411
8.5    361
9.5    299
10.5    272
11.5    229
12.5    162
13.5    138
14.5    92
15.5    92
16.5    71
17.5    66
18.5    38
19.5    43
20.5    27
21.5    28
22.5    20
23.5    21
24.5    20
25.5    13
26.5    5
27.5    13
28.5    2
29.5    10
30.5    4
