-38.5    3
-37.5    2
-36.5    1
-35.5    6
-34.5    3
-33.5    8
-32.5    8
-31.5    5
-30.5    24
-29.5    12
-28.5    27
-27.5    28
-26.5    28
-25.5    39
-24.5    34
-23.5    57
-22.5    50
-21.5    73
-20.5    76
-19.5    90
-18.5    104
-17.5    77
-16.5    104
-15.5    98
-14.5    132
-13.5    116
-12.5    131
-11.5    175
-10.5    169
-9.5    170
-8.5    221
-7.5    235
-6.5    273
-5.5    313
-4.5    307
-3.5    348
-2.5    377
-1.5    365
-0.5    423
0.5    407
1.5    390
2.5    357
3.5    322
4.5    295
5.5    298
6.5    262
7.5    219
8.5    187
9.5    131
10.5    122
11.5    101
12.5    66
13.5    72
14.5    52
15.5    31
16.5    33
17.5    28
18.5    10
19.5    14
20.5    5
21.5    9
22.5    6
23.5    7
24.5    5
25.5    3
26.5    4
27.5    3
28.5    5
29.5    3
30.5    1
