-38.5    5
-37.5    5
-36.5    9
-35.5    10
-34.5    5
-33.5    4
-32.5    14
-31.5    17
-30.5    19
-29.5    17
-28.5    25
-27.5    31
-26.5    31
-25.5    40
-24.5    53
-23.5    50
-22.5    57
-21.5    74
-20.5    54
-19.5    99
-18.5    122
-17.5    104
-16.5    140
-15.5    161
-14.5    177
-13.5    200
-12.5    245
-11.5    282
-10.5    290
-9.5    324
-8.5    423
-7.5    463
-6.5    549
-5.5    654
-4.5    694
-3.5    793
-2.5    869
-1.5    866
-0.5    861
0.5    872
1.5    772
2.5    778
3.5    715
4.5    700
5.5    586
6.5    543
7.5    441
8.5    397
9.5    282
10.5    279
11.5    204
12.5    150
13.5    138
14.5    105
15.5    56
16.5    65
17.5    57
18.5    36
19.5    23
20.5    26
21.5    13
22.5    15
23.5    7
24.5    18
25.5    11
26.5    7
27.5    2
28.5    7
29.5    3
30.5    2
