-38.5    11
-37.5    10
-36.5    13
-35.5    18
-34.5    17
-33.5    32
-32.5    36
-31.5    47
-30.5    59
-29.5    82
-28.5    97
-27.5    128
-26.5    176
-25.5    216
-24.5    239
-23.5    273
-22.5    360
-21.5    439
-20.5    488
-19.5    610
-18.5    638
-17.5    700
-16.5    765
-15.5    713
-14.5    789
-13.5    762
-12.5    704
-11.5    745
-10.5    699
-9.5    588
-8.5    514
-7.5    442
-6.5    424
-5.5    407
-4.5    323
-3.5    297
-2.5    279
-1.5    259
-0.5    214
0.5    204
1.5    183
2.5    176
3.5    165
4.5    164
5.5    138
6.5    131
7.5    107
8.5    105
9.5    88
10.5    86
11.5    67
12.5    41
13.5    44
14.5    45
15.5    27
16.5    24
17.5    22
18.5    24
19.5    24
20.5    16
21.5    19
22.5    7
23.5    8
24.5    10
25.5    8
26.5    8
27.5    3
28.5    11
29.5    12
30.5    6
