-38.5    8
-37.5    5
-36.5    5
-35.5    8
-34.5    5
-33.5    19
-32.5    14
-31.5    10
-30.5    34
-29.5    31
-28.5    45
-27.5    50
-26.5    49
-25.5    56
-24.5    74
-23.5    101
-22.5    96
-21.5    142
-20.5    158
-19.5    166
-18.5    196
-17.5    156
-16.5    224
-15.5    216
-14.5    245
-13.5    267
-12.5    263
-11.5    330
-10.5    344
-9.5    336
-8.5    408
-7.5    465
-6.5    539
-5.5    633
-4.5    622
-3.5    670
-2.5    748
-1.5    741
-0.5    805
0.5    801
1.5    739
2.5    736
3.5    665
4.5    611
5.5    586
6.5    532
7.5    419
8.5    361
9.5    291
10.5    248
11.5    203
12.5    130
13.5    131
14.5    97
15.5    70
16.5    57
17.5    51
18.5    21
19.5    32
20.5    11
21.5    15
22.5    17
23.5    12
24.5    10
25.5    4
26.5    6
27.5    5
28.5    6
29.5    8
30.5    4
