-38.5    8
-37.5    7
-36.5    13
-35.5    16
-34.5    24
-33.5    32
-32.5    25
-31.5    47
-30.5    67
-29.5    77
-28.5    89
-27.5    120
-26.5    166
-25.5    191
-24.5    261
-23.5    314
-22.5    391
-21.5    427
-20.5    513
-19.5    580
-18.5    588
-17.5    683
-16.5    728
-15.5    673
-14.5    670
-13.5    704
-12.5    698
-11.5    699
-10.5    680
-9.5    522
-8.5    536
-7.5    478
-6.5    407
-5.5    395
-4.5    366
-3.5    359
-2.5    312
-1.5    282
-0.5    267
0.5    237
1.5    244
2.5    192
3.5    192
4.5    201
5.5    169
6.5    147
7.5    135
8.5    112
9.5    99
10.5    102
11.5    75
12.5    53
13.5    58
14.5    40
15.5    44
16.5    40
17.5    30
18.5    17
19.5    17
20.5    23
21.5    13
22.5    10
23.5    12
24.5    9
25.5    11
26.5    3
27.5    9
28.5    5
29.5    9
30.5    5
