-38.5    2
-37.5    3
-36.5    5
-35.5    3
-34.5    7
-33.5    3
-32.5    9
-31.5    14
-30.5    10
-29.5    10
-28.5    17
-27.5    26
-26.5    28
-25.5    22
-24.5    34
-23.5    38
-22.5    42
-21.5    57
-20.5    72
-19.5    60
-18.5    82
-17.5    87
-16.5    104
-15.5    120
-14.5    140
-13.5    186
-12.5    204
-11.5    238
-10.5    296
-9.5    329
-8.5    383
-7.5    449
-6.5    550
-5.5    569
-4.5    699
-3.5    734
-2.5    859
-1.5    792
-0.5    845
0.5    865
1.5    790
2.5    855
3.5    719
4.5    658
5.5    620
6.5    518
7.5    406
8.5    407
9.5    341
10.5    232
11.5    223
12.5    158
13.5    144
14.5    112
15.5    58
16.5    58
17.5    54
18.5    32
19.5    22
20.5    25
21.5    17
22.5    17
23.5    7
24.5    7
25.5    8
26.5    5
27.5    4
28.5    6
29.5    4
30.5    4
