-38.5    5
-37.5    11
-36.5    8
-35.5    11
-34.5    12
-33.5    25
-32.5    9
-31.5    32
-30.5    33
-29.5    32
-28.5    71
-27.5    80
-26.5    77
-25.5    109
-24.5    152
-23.5    164
-22.5    172
-21.5    208
-20.5    230
-19.5    272
-18.5    256
-17.5    300
-16.5    390
-15.5    340
-14.5    341
-13.5    404
-12.5    347
-11.5    359
-10.5    395
-9.5    390
-8.5    406
-7.5    452
-6.5    449
-5.5    497
-4.5    540
-3.5    585
-2.5    585
-1.5    587
-0.5    632
0.5    590
1.5    601
2.5    608
3.5    562
4.5    526
5.5    458
6.5    392
7.5    399
8.5    298
9.5    273
10.5    214
11.5    159
12.5    136
13.5    136
14.5    81
15.5    66
16.5    57
17.5    37
18.5    28
19.5    24
20.5    19
21.5    6
22.5    12
23.5    15
24.5    10
25.5    6
26.5    6
27.5    4
28.5    3
29.5    5
30.5    6
