-38.5    5
-37.5    2
-36.5    1
-35.5    3
-34.5    9
-33.5    5
-32.5    8
-31.5    10
-30.5    10
-29.5    15
-28.5    18
-27.5    15
-26.5    26
-25.5    20
-24.5    25
-23.5    25
-22.5    39
-21.5    44
-20.5    51
-19.5    56
-18.5    74
-17.5    94
-16.5    81
-15.5    101
-14.5    120
-13.5    147
-12.5    198
-11.5    242
-10.5    302
-9.5    309
-8.5    387
-7.5    468
-6.5    519
-5.5    649
-4.5    695
-3.5    719
-2.5    855
-1.5    795
-0.5    853
0.5    885
1.5    759
2.5    761
3.5    708
4.5    613
5.5    632
6.5    487
7.5    411
8.5    368
9.5    286
10.5    229
11.5    195
12.5    169
13.5    108
14.5    114
15.5    68
16.5    58
17.5    47
18.5    29
19.5    30
20.5    25
21.5    14
22.5    13
23.5    15
24.5    7
25.5    10
26.5    4
27.5    5
28.5    6
29.5    2
30.5    2
