-38.5    3
-37.5    8
-36.5    4
-35.5    6
-34.5    10
-33.5    10
-32.5    4
-31.5    15
-30.5    17
-29.5    24
-28.5    20
-27.5    30
-26.5    42
-25.5    56
-24.5    55
-23.5    67
-22.5    64
-21.5    91
-20.5    92
-19.5    121
-18.5    128
-17.5    130
-16.5    140
-15.5    153
-14.5    182
-13.5    208
-12.5    229
-11.5    235
-10.5    311
-9.5    368
-8.5    436
-7.5    475
-6.5    546
-5.5    678
-4.5    696
-3.5    773
-2.5    822
-1.5    833
-0.5    826
0.5    874
1.5    773
2.5    818
3.5    757
4.5    652
5.5    656
6.5    524
7.5    463
8.5    420
9.5    335
10.5    292
11.5    212
12.5    167
13.5    140
14.5    86
15.5    75
16.5    67
17.5    38
18.5    37
19.5    24
20.5    24
21.5    22
22.5    17
23.5    9
24.5    7
25.5    7
26.5    3
27.5    2
28.5    5
29.5    5
30.5    1
