-38.5    5
-37.5    5
-36.5    6
-35.5    6
-34.5    8
-33.5    11
-32.5    13
-31.5    21
-30.5    19
-29.5    22
-28.5    37
-27.5    37
-26.5    55
-25.5    64
-24.5    74
-23.5    94
-22.5    89
-21.5    120
-20.5    136
-19.5    143
-18.5    160
-17.5    166
-16.5    196
-15.5    194
-14.5    186
-13.5    245
-12.5    264
-11.5    281
-10.5    349
-9.5    390
-8.5    438
-7.5    458
-6.5    583
-5.5    633
-4.5    633
-3.5    701
-2.5    810
-1.5    771
-0.5    806
0.5    794
1.5    767
2.5    807
3.5    695
4.5    623
5.5    634
6.5    481
7.5    415
8.5    382
9.5    295
10.5    258
11.5    209
12.5    174
13.5    153
14.5    100
15.5    90
16.5    59
17.5    40
18.5    41
19.5    31
20.5    26
21.5    14
22.5    10
23.5    11
24.5    10
25.5    5
26.5    5
27.5    3
28.5    2
29.5    5
30.5    4
