-38.5    12
-37.5    9
-36.5    16
-35.5    10
-34.5    25
-33.5    25
-32.5    36
-31.5    44
-30.5    76
-29.5    78
-28.5    105
-27.5    137
-26.5    167
-25.5    214
-24.5    247
-23.5    333
-22.5    420
-21.5    455
-20.5    539
-19.5    645
-18.5    661
-17.5    711
-16.5    770
-15.5    766
-14.5    796
-13.5    799
-12.5    816
-11.5    761
-10.5    730
-9.5    627
-8.5    635
-7.5    485
-6.5    419
-5.5    412
-4.5    328
-3.5    287
-2.5    253
-1.5    208
-0.5    185
0.5    165
1.5    143
2.5    111
3.5    101
4.5    87
5.5    106
6.5    68
7.5    55
8.5    35
9.5    63
10.5    46
11.5    47
12.5    23
13.5    31
14.5    20
15.5    27
16.5    30
17.5    18
18.5    20
19.5    23
20.5    10
21.5    15
22.5    21
23.5    10
24.5    12
25.5    10
26.5    12
27.5    9
28.5    8
29.5    7
30.5    18
