-38.5    2
-37.5    0
-36.5    5
-35.5    6
-34.5    1
-33.5    2
-32.5    7
-31.5    8
-30.5    11
-29.5    12
-28.5    17
-27.5    14
-26.5    17
-25.5    22
-24.5    24
-23.5    22
-22.5    27
-21.5    42
-20.5    27
-19.5    42
-18.5    64
-17.5    44
-16.5    65
-15.5    77
-14.5    86
-13.5    105
-12.5    132
-11.5    147
-10.5    151
-9.5    162
-8.5    212
-7.5    244
-6.5    269
-5.5    321
-4.5    336
-3.5    407
-2.5    455
-1.5    429
-0.5    411
0.5    438
1.5    369
2.5    403
3.5    342
4.5    330
5.5    285
6.5    264
7.5    216
8.5    208
9.5    147
10.5    146
11.5    93
12.5    76
13.5    69
14.5    52
15.5    27
16.5    37
17.5    34
18.5    14
19.5    10
20.5    11
21.5    6
22.5    10
23.5    3
24.5    6
25.5    6
26.5    3
27.5    1
28.5    3
29.5    1
30.5    2
