-38.5    3
-37.5    10
-36.5    13
-35.5    14
-34.5    18
-33.5    24
-32.5    31
-31.5    44
-30.5    63
-29.5    58
-28.5    74
-27.5    96
-26.5    115
-25.5    144
-24.5    205
-23.5    217
-22.5    280
-21.5    329
-20.5    328
-19.5    400
-18.5    432
-17.5    425
-16.5    529
-15.5    460
-14.5    490
-13.5    483
-12.5    460
-11.5    491
-10.5    518
-9.5    445
-8.5    488
-7.5    458
-6.5    412
-5.5    437
-4.5    442
-3.5    488
-2.5    444
-1.5    469
-0.5    421
0.5    455
1.5    470
2.5    426
3.5    380
4.5    394
5.5    325
6.5    280
7.5    276
8.5    223
9.5    204
10.5    184
11.5    150
12.5    100
13.5    97
14.5    57
15.5    63
16.5    45
17.5    38
18.5    23
19.5    24
20.5    13
21.5    23
22.5    14
23.5    13
24.5    15
25.5    5
26.5    3
27.5    9
28.5    1
29.5    8
30.5    2
