-38.5    8
-37.5    10
-36.5    16
-35.5    16
-34.5    24
-33.5    38
-32.5    31
-31.5    38
-30.5    66
-29.5    65
-28.5    103
-27.5    121
-26.5    160
-25.5    192
-24.5    221
-23.5    236
-22.5    347
-21.5    369
-20.5    388
-19.5    474
-18.5    524
-17.5    502
-16.5    568
-15.5    585
-14.5    537
-13.5    654
-12.5    559
-11.5    608
-10.5    616
-9.5    597
-8.5    664
-7.5    669
-6.5    679
-5.5    785
-4.5    734
-3.5    820
-2.5    833
-1.5    784
-0.5    954
0.5    866
1.5    846
2.5    856
3.5    725
4.5    706
5.5    720
6.5    558
7.5    498
8.5    439
9.5    318
10.5    284
11.5    246
12.5    185
13.5    156
14.5    110
15.5    96
16.5    79
17.5    67
18.5    49
19.5    40
20.5    29
21.5    11
22.5    25
23.5    9
24.5    13
25.5    17
26.5    7
27.5    12
28.5    6
29.5    6
30.5    5
