-38.5    7
-37.5    13
-36.5    25
-35.5    18
-34.5    14
-33.5    37
-32.5    25
-31.5    51
-30.5    62
-29.5    67
-28.5    110
-27.5    111
-26.5    177
-25.5    218
-24.5    233
-23.5    299
-22.5    386
-21.5    432
-20.5    468
-19.5    582
-18.5    658
-17.5    704
-16.5    747
-15.5    738
-14.5    742
-13.5    740
-12.5    678
-11.5    753
-10.5    678
-9.5    566
-8.5    553
-7.5    435
-6.5    433
-5.5    378
-4.5    312
-3.5    306
-2.5    270
-1.5    268
-0.5    221
0.5    211
1.5    204
2.5    177
3.5    174
4.5    164
5.5    148
6.5    133
7.5    116
8.5    85
9.5    91
10.5    84
11.5    63
12.5    42
13.5    47
14.5    39
15.5    37
16.5    29
17.5    20
18.5    24
19.5    22
20.5    20
21.5    18
22.5    12
23.5    7
24.5    8
25.5    13
26.5    9
27.5    7
28.5    10
29.5    7
30.5    7
