-38.5    7
-37.5    8
-36.5    7
-35.5    15
-34.5    15
-33.5    39
-32.5    31
-31.5    50
-30.5    52
-29.5    69
-28.5    99
-27.5    117
-26.5    131
-25.5    217
-24.5    211
-23.5    263
-22.5    332
-21.5    391
-20.5    408
-19.5    495
-18.5    541
-17.5    581
-16.5    637
-15.5    540
-14.5    645
-13.5    612
-12.5    573
-11.5    594
-10.5    571
-9.5    554
-8.5    481
-7.5    471
-6.5    428
-5.5    396
-4.5    427
-3.5    381
-2.5    382
-1.5    363
-0.5    349
0.5    333
1.5    335
2.5    354
3.5    281
4.5    284
5.5    262
6.5    220
7.5    214
8.5    179
9.5    132
10.5    145
11.5    89
12.5    80
13.5    76
14.5    55
15.5    52
16.5    31
17.5    42
18.5    31
19.5    24
20.5    16
21.5    20
22.5    8
23.5    14
24.5    13
25.5    7
26.5    6
27.5    8
28.5    7
29.5    8
30.5    6
