-38.5    12
-37.5    7
-36.5    11
-35.5    17
-34.5    16
-33.5    25
-32.5    30
-31.5    50
-30.5    62
-29.5    71
-28.5    113
-27.5    147
-26.5    173
-25.5    214
-24.5    255
-23.5    348
-22.5    399
-21.5    489
-20.5    511
-19.5    635
-18.5    610
-17.5    688
-16.5    760
-15.5    728
-14.5    855
-13.5    831
-12.5    666
-11.5    761
-10.5    696
-9.5    609
-8.5    548
-7.5    508
-6.5    436
-5.5    378
-4.5    321
-3.5    287
-2.5    264
-1.5    216
-0.5    210
0.5    178
1.5    150
2.5    152
3.5    151
4.5    120
5.5    86
6.5    94
7.5    75
8.5    68
9.5    57
10.5    67
11.5    42
12.5    36
13.5    45
14.5    21
15.5    23
16.5    23
17.5    13
18.5    18
19.5    15
20.5    11
21.5    10
22.5    18
23.5    8
24.5    7
25.5    6
26.5    8
27.5    6
28.5    21
29.5    14
30.5    6
