-38.5    7
-37.5    6
-36.5    18
-35.5    16
-34.5    28
-33.5    38
-32.5    31
-31.5    52
-30.5    58
-29.5    79
-28.5    136
-27.5    123
-26.5    196
-25.5    228
-24.5    255
-23.5    313
-22.5    397
-21.5    444
-20.5    550
-19.5    650
-18.5    657
-17.5    721
-16.5    880
-15.5    745
-14.5    833
-13.5    822
-12.5    815
-11.5    713
-10.5    666
-9.5    645
-8.5    584
-7.5    497
-6.5    462
-5.5    376
-4.5    325
-3.5    273
-2.5    231
-1.5    183
-0.5    170
0.5    148
1.5    125
2.5    96
3.5    85
4.5    68
5.5    47
6.5    57
7.5    71
8.5    57
9.5    40
10.5    24
11.5    34
12.5    28
13.5    25
14.5    15
15.5    17
16.5    18
17.5    17
18.5    15
19.5    9
20.5    9
21.5    12
22.5    7
23.5    10
24.5    12
25.5    10
26.5    7
27.5    10
28.5    8
29.5    9
30.5    6
