-38.5    14
-37.5    10
-36.5    18
-35.5    26
-34.5    35
-33.5    47
-32.5    50
-31.5    62
-30.5    102
-29.5    105
-28.5    156
-27.5    189
-26.5    261
-25.5    300
-24.5    375
-23.5    450
-22.5    579
-21.5    621
-20.5    751
-19.5    913
-18.5    874
-17.5    1039
-16.5    1103
-15.5    1031
-14.5    1045
-13.5    1085
-12.5    1028
-11.5    1048
-10.5    1000
-9.5    826
-8.5    808
-7.5    706
-6.5    615
-5.5    586
-4.5    558
-3.5    502
-2.5    445
-1.5    428
-0.5    383
0.5    354
1.5    348
2.5    284
3.5    276
4.5    304
5.5    244
6.5    215
7.5    208
8.5    157
9.5    154
10.5    143
11.5    116
12.5    81
13.5    87
14.5    66
15.5    66
16.5    51
17.5    42
18.5    27
19.5    25
20.5    37
21.5    17
22.5    17
23.5    18
24.5    14
25.5    18
26.5    9
27.5    10
28.5    10
29.5    12
30.5    5
