-38.5    15
-37.5    8
-36.5    22
-35.5    17
-34.5    31
-33.5    36
-32.5    33
-31.5    53
-30.5    81
-29.5    97
-28.5    144
-27.5    162
-26.5    189
-25.5    243
-24.5    321
-23.5    362
-22.5    464
-21.5    483
-20.5    547
-19.5    697
-18.5    704
-17.5    784
-16.5    845
-15.5    798
-14.5    815
-13.5    806
-12.5    795
-11.5    783
-10.5    734
-9.5    693
-8.5    655
-7.5    674
-6.5    629
-5.5    641
-4.5    639
-3.5    665
-2.5    633
-1.5    677
-0.5    657
0.5    649
1.5    630
2.5    639
3.5    520
4.5    509
5.5    478
6.5    389
7.5    384
8.5    335
9.5    286
10.5    265
11.5    197
12.5    162
13.5    122
14.5    91
15.5    68
16.5    73
17.5    63
18.5    56
19.5    43
20.5    27
21.5    22
22.5    14
23.5    19
24.5    11
25.5    9
26.5    8
27.5    8
28.5    5
29.5    9
30.5    10
