-38.5    4
-37.5    6
-36.5    10
-35.5    9
-34.5    8
-33.5    15
-32.5    12
-31.5    30
-30.5    34
-29.5    33
-28.5    51
-27.5    51
-26.5    96
-25.5    101
-24.5    115
-23.5    147
-22.5    176
-21.5    221
-20.5    242
-19.5    273
-18.5    347
-17.5    357
-16.5    374
-15.5    347
-14.5    372
-13.5    360
-12.5    345
-11.5    372
-10.5    359
-9.5    301
-8.5    259
-7.5    206
-6.5    222
-5.5    196
-4.5    158
-3.5    147
-2.5    141
-1.5    139
-0.5    103
0.5    92
1.5    99
2.5    86
3.5    77
4.5    85
5.5    75
6.5    66
7.5    52
8.5    54
9.5    45
10.5    40
11.5    34
12.5    25
13.5    23
14.5    23
15.5    17
16.5    12
17.5    11
18.5    13
19.5    12
20.5    9
21.5    9
22.5    4
23.5    4
24.5    5
25.5    5
26.5    3
27.5    2
28.5    6
29.5    6
30.5    1
