-38.5    3
-37.5    2
-36.5    8
-35.5    15
-34.5    11
-33.5    21
-32.5    13
-31.5    21
-30.5    38
-29.5    25
-28.5    50
-27.5    86
-26.5    78
-25.5    92
-24.5    113
-23.5    114
-22.5    174
-21.5    206
-20.5    191
-19.5    223
-18.5    257
-17.5    274
-16.5    250
-15.5    278
-14.5    314
-13.5    325
-12.5    305
-11.5    338
-10.5    390
-9.5    350
-8.5    420
-7.5    457
-6.5    477
-5.5    573
-4.5    581
-3.5    657
-2.5    639
-1.5    671
-0.5    721
0.5    670
1.5    740
2.5    680
3.5    576
4.5    519
5.5    518
6.5    433
7.5    380
8.5    340
9.5    251
10.5    247
11.5    171
12.5    120
13.5    117
14.5    101
15.5    61
16.5    61
17.5    37
18.5    33
19.5    36
20.5    21
21.5    9
22.5    21
23.5    11
24.5    10
25.5    5
26.5    9
27.5    2
28.5    4
29.5    4
30.5    5
