-38.5    15
-37.5    15
-36.5    10
-35.5    11
-34.5    21
-33.5    36
-32.5    40
-31.5    53
-30.5    60
-29.5    76
-28.5    113
-27.5    132
-26.5    162
-25.5    190
-24.5    236
-23.5    312
-22.5    333
-21.5    414
-20.5    463
-19.5    541
-18.5    602
-17.5    643
-16.5    705
-15.5    634
-14.5    677
-13.5    725
-12.5    625
-11.5    595
-10.5    592
-9.5    519
-8.5    524
-7.5    457
-6.5    456
-5.5    449
-4.5    380
-3.5    403
-2.5    331
-1.5    358
-0.5    332
0.5    287
1.5    296
2.5    249
3.5    245
4.5    238
5.5    221
6.5    181
7.5    157
8.5    140
9.5    124
10.5    93
11.5    75
12.5    83
13.5    61
14.5    60
15.5    41
16.5    36
17.5    32
18.5    29
19.5    28
20.5    15
21.5    20
22.5    8
23.5    14
24.5    12
25.5    8
26.5    7
27.5    11
28.5    4
29.5    6
30.5    6
