-38.5    10
-37.5    16
-36.5    19
-35.5    22
-34.5    23
-33.5    27
-32.5    26
-31.5    48
-30.5    50
-29.5    89
-28.5    109
-27.5    146
-26.5    182
-25.5    237
-24.5    276
-23.5    310
-22.5    376
-21.5    428
-20.5    503
-19.5    585
-18.5    640
-17.5    689
-16.5    765
-15.5    747
-14.5    800
-13.5    828
-12.5    721
-11.5    702
-10.5    672
-9.5    600
-8.5    580
-7.5    478
-6.5    460
-5.5    396
-4.5    313
-3.5    317
-2.5    270
-1.5    255
-0.5    209
0.5    188
1.5    191
2.5    174
3.5    152
4.5    135
5.5    118
6.5    108
7.5    77
8.5    86
9.5    82
10.5    67
11.5    49
12.5    48
13.5    46
14.5    29
15.5    29
16.5    26
17.5    22
18.5    14
19.5    18
20.5    17
21.5    15
22.5    13
23.5    10
24.5    11
25.5    14
26.5    10
27.5    7
28.5    8
29.5    11
30.5    3
