-38.5    8
-37.5    7
-36.5    10
-35.5    14
-34.5    27
-33.5    22
-32.5    30
-31.5    47
-30.5    78
-29.5    75
-28.5    91
-27.5    116
-26.5    187
-25.5    194
-24.5    274
-23.5    322
-22.5    395
-21.5    405
-20.5    483
-19.5    594
-18.5    622
-17.5    662
-16.5    696
-15.5    679
-14.5    645
-13.5    716
-12.5    683
-11.5    686
-10.5    647
-9.5    532
-8.5    558
-7.5    464
-6.5    412
-5.5    375
-4.5    380
-3.5    343
-2.5    334
-1.5    276
-0.5    302
0.5    221
1.5    281
2.5    222
3.5    209
4.5    203
5.5    177
6.5    156
7.5    131
8.5    129
9.5    108
10.5    107
11.5    74
12.5    61
13.5    52
14.5    47
15.5    43
16.5    38
17.5    30
18.5    12
19.5    23
20.5    17
21.5    13
22.5    8
23.5    13
24.5    11
25.5    15
26.5    5
27.5    5
28.5    7
29.5    8
30.5    5
