-38.5    2
-37.5    6
-36.5    12
-35.5    14
-34.5    13
-33.5    23
-32.5    30
-31.5    33
-30.5    51
-29.5    51
-28.5    70
-27.5    103
-26.5    121
-25.5    156
-24.5    219
-23.5    198
-22.5    289
-21.5    283
-20.5    301
-19.5    412
-18.5    396
-17.5    406
-16.5    511
-15.5    459
-14.5    429
-13.5    481
-12.5    441
-11.5    492
-10.5    488
-9.5    418
-8.5    484
-7.5    456
-6.5    438
-5.5    447
-4.5    449
-3.5    490
-2.5    472
-1.5    474
-0.5    469
0.5    493
1.5    498
2.5    437
3.5    368
4.5    407
5.5    369
6.5    307
7.5    289
8.5    247
9.5    212
10.5    175
11.5    159
12.5    118
13.5    93
14.5    70
15.5    61
16.5    51
17.5    49
18.5    29
19.5    30
20.5    18
21.5    17
22.5    15
23.5    14
24.5    9
25.5    10
26.5    2
27.5    10
28.5    1
29.5    5
30.5    3
