-38.5    10
-37.5    9
-36.5    11
-35.5    23
-34.5    20
-33.5    27
-32.5    38
-31.5    63
-30.5    54
-29.5    69
-28.5    100
-27.5    127
-26.5    146
-25.5    214
-24.5    212
-23.5    261
-22.5    345
-21.5    385
-20.5    410
-19.5    514
-18.5    482
-17.5    521
-16.5    591
-15.5    526
-14.5    628
-13.5    596
-12.5    552
-11.5    577
-10.5    544
-9.5    510
-8.5    467
-7.5    459
-6.5    426
-5.5    399
-4.5    415
-3.5    369
-2.5    397
-1.5    369
-0.5    350
0.5    331
1.5    348
2.5    355
3.5    271
4.5    302
5.5    276
6.5    228
7.5    207
8.5    203
9.5    135
10.5    148
11.5    105
12.5    91
13.5    84
14.5    51
15.5    49
16.5    46
17.5    45
18.5    32
19.5    26
20.5    17
21.5    22
22.5    10
23.5    11
24.5    12
25.5    9
26.5    6
27.5    5
28.5    6
29.5    7
30.5    5
