-38.5    3
-37.5    6
-36.5    4
-35.5    4
-34.5    5
-33.5    13
-32.5    7
-31.5    13
-30.5    14
-29.5    17
-28.5    36
-27.5    39
-26.5    40
-25.5    57
-24.5    86
-23.5    78
-22.5    81
-21.5    111
-20.5    117
-19.5    139
-18.5    133
-17.5    162
-16.5    193
-15.5    169
-14.5    170
-13.5    200
-12.5    167
-11.5    182
-10.5    188
-9.5    186
-8.5    204
-7.5    235
-6.5    227
-5.5    253
-4.5    282
-3.5    282
-2.5    289
-1.5    304
-0.5    304
0.5    313
1.5    281
2.5    298
3.5    262
4.5    259
5.5    217
6.5    200
7.5    205
8.5    143
9.5    135
10.5    125
11.5    82
12.5    75
13.5    60
14.5    50
15.5    38
16.5    24
17.5    23
18.5    14
19.5    14
20.5    8
21.5    2
22.5    5
23.5    11
24.5    3
25.5    3
26.5    2
27.5    4
28.5    1
29.5    3
30.5    3
