-38.5    6
-37.5    8
-36.5    3
-35.5    6
-34.5    10
-33.5    12
-32.5    13
-31.5    19
-30.5    24
-29.5    33
-28.5    16
-27.5    30
-26.5    41
-25.5    52
-24.5    63
-23.5    66
-22.5    69
-21.5    93
-20.5    87
-19.5    116
-18.5    157
-17.5    127
-16.5    118
-15.5    170
-14.5    181
-13.5    202
-12.5    221
-11.5    278
-10.5    275
-9.5    386
-8.5    419
-7.5    464
-6.5    539
-5.5    648
-4.5    657
-3.5    750
-2.5    824
-1.5    782
-0.5    839
0.5    898
1.5    815
2.5    803
3.5    750
4.5    681
5.5    674
6.5    551
7.5    425
8.5    422
9.5    306
10.5    282
11.5    224
12.5    166
13.5    139
14.5    80
15.5    82
16.5    54
17.5    34
18.5    38
19.5    23
20.5    22
21.5    17
22.5    20
23.5    9
24.5    12
25.5    6
26.5    3
27.5    2
28.5    8
29.5    2
30.5    4
