-38.5    3
-37.5    7
-36.5    15
-35.5    9
-34.5    6
-33.5    22
-32.5    13
-31.5    21
-30.5    28
-29.5    34
-28.5    59
-27.5    60
-26.5    81
-25.5    117
-24.5    118
-23.5    152
-22.5    210
-21.5    211
-20.5    226
-19.5    309
-18.5    311
-17.5    347
-16.5    373
-15.5    391
-14.5    370
-13.5    380
-12.5    333
-11.5    381
-10.5    319
-9.5    265
-8.5    294
-7.5    229
-6.5    211
-5.5    182
-4.5    154
-3.5    159
-2.5    129
-1.5    129
-0.5    118
0.5    119
1.5    105
2.5    91
3.5    97
4.5    79
5.5    73
6.5    67
7.5    64
8.5    31
9.5    46
10.5    44
11.5    29
12.5    17
13.5    24
14.5    16
15.5    20
16.5    17
17.5    9
18.5    11
19.5    10
20.5    11
21.5    9
22.5    8
23.5    3
24.5    3
25.5    8
26.5    6
27.5    5
28.5    4
29.5    1
30.5    6
