-38.5    5
-37.5    7
-36.5    9
-35.5    12
-34.5    19
-33.5    25
-32.5    15
-31.5    22
-30.5    45
-29.5    38
-28.5    70
-27.5    84
-26.5    114
-25.5    127
-24.5    143
-23.5    165
-22.5    231
-21.5    248
-20.5    249
-19.5    299
-18.5    330
-17.5    336
-16.5    329
-15.5    388
-14.5    337
-13.5    421
-12.5    359
-11.5    398
-10.5    421
-9.5    403
-8.5    440
-7.5    473
-6.5    452
-5.5    540
-4.5    488
-3.5    562
-2.5    585
-1.5    520
-0.5    661
0.5    574
1.5    595
2.5    601
3.5    487
4.5    483
5.5    496
6.5    377
7.5    340
8.5    303
9.5    221
10.5    194
11.5    169
12.5    134
13.5    95
14.5    73
15.5    66
16.5    46
17.5    42
18.5    24
19.5    27
20.5    16
21.5    10
22.5    13
23.5    5
24.5    7
25.5    9
26.5    5
27.5    8
28.5    6
29.5    3
30.5    3
