-38.5    7
-37.5    12
-36.5    9
-35.5    13
-34.5    19
-33.5    26
-32.5    22
-31.5    26
-30.5    52
-29.5    48
-28.5    75
-27.5    98
-26.5    106
-25.5    136
-24.5    172
-23.5    150
-22.5    220
-21.5    276
-20.5    251
-19.5    311
-18.5    340
-17.5    373
-16.5    423
-15.5    443
-14.5    436
-13.5    478
-12.5    455
-11.5    526
-10.5    540
-9.5    508
-8.5    622
-7.5    650
-6.5    789
-5.5    858
-4.5    884
-3.5    947
-2.5    977
-1.5    1015
-0.5    1097
0.5    1043
1.5    1058
2.5    1074
3.5    906
4.5    861
5.5    828
6.5    687
7.5    550
8.5    562
9.5    377
10.5    384
11.5    270
12.5    189
13.5    157
14.5    144
15.5    112
16.5    86
17.5    70
18.5    55
19.5    43
20.5    37
21.5    21
22.5    28
23.5    14
24.5    18
25.5    12
26.5    12
27.5    6
28.5    10
29.5    5
30.5    4
