-38.5    8
-37.5    7
-36.5    6
-35.5    10
-34.5    15
-33.5    15
-32.5    17
-31.5    21
-30.5    39
-29.5    27
-28.5    42
-27.5    45
-26.5    73
-25.5    73
-24.5    79
-23.5    102
-22.5    107
-21.5    142
-20.5    166
-19.5    182
-18.5    208
-17.5    180
-16.5    219
-15.5    228
-14.5    267
-13.5    255
-12.5    270
-11.5    327
-10.5    329
-9.5    376
-8.5    448
-7.5    471
-6.5    539
-5.5    604
-4.5    597
-3.5    729
-2.5    747
-1.5    701
-0.5    807
0.5    798
1.5    743
2.5    731
3.5    637
4.5    604
5.5    608
6.5    504
7.5    426
8.5    394
9.5    289
10.5    243
11.5    184
12.5    129
13.5    126
14.5    103
15.5    70
16.5    60
17.5    48
18.5    27
19.5    27
20.5    10
21.5    19
22.5    16
23.5    11
24.5    7
25.5    9
26.5    7
27.5    12
28.5    5
29.5    4
30.5    3
