-38.5    15
-37.5    16
-36.5    18
-35.5    22
-34.5    23
-33.5    38
-32.5    48
-31.5    76
-30.5    93
-29.5    103
-28.5    160
-27.5    225
-26.5    263
-25.5    327
-24.5    371
-23.5    515
-22.5    605
-21.5    713
-20.5    770
-19.5    940
-18.5    934
-17.5    1063
-16.5    1174
-15.5    1109
-14.5    1246
-13.5    1207
-12.5    1064
-11.5    1135
-10.5    1031
-9.5    907
-8.5    839
-7.5    758
-6.5    685
-5.5    570
-4.5    474
-3.5    416
-2.5    388
-1.5    323
-0.5    305
0.5    277
1.5    221
2.5    210
3.5    217
4.5    172
5.5    125
6.5    148
7.5    111
8.5    105
9.5    84
10.5    94
11.5    66
12.5    63
13.5    54
14.5    38
15.5    31
16.5    33
17.5    21
18.5    24
19.5    22
20.5    16
21.5    19
22.5    27
23.5    17
24.5    15
25.5    11
26.5    10
27.5    14
28.5    27
29.5    16
30.5    14
