-38.5    17
-37.5    10
-36.5    12
-35.5    11
-34.5    24
-33.5    39
-32.5    42
-31.5    53
-30.5    70
-29.5    63
-28.5    111
-27.5    119
-26.5    167
-25.5    197
-24.5    241
-23.5    289
-22.5    357
-21.5    443
-20.5    471
-19.5    535
-18.5    583
-17.5    662
-16.5    703
-15.5    664
-14.5    710
-13.5    729
-12.5    580
-11.5    609
-10.5    596
-9.5    510
-8.5    563
-7.5    532
-6.5    442
-5.5    437
-4.5    370
-3.5    383
-2.5    304
-1.5    303
-0.5    313
0.5    302
1.5    267
2.5    238
3.5    216
4.5    240
5.5    201
6.5    182
7.5    164
8.5    123
9.5    122
10.5    90
11.5    75
12.5    70
13.5    55
14.5    44
15.5    46
16.5    34
17.5    32
18.5    24
19.5    30
20.5    21
21.5    17
22.5    8
23.5    13
24.5    7
25.5    10
26.5    6
27.5    12
28.5    8
29.5    10
30.5    5
