-38.5    2
-37.5    2
-36.5    2
-35.5    3
-34.5    3
-33.5    2
-32.5    2
-31.5    2
-30.5    5
-29.5    8
-28.5    2
-27.5    8
-26.5    9
-25.5    6
-24.5    9
-23.5    19
-22.5    12
-21.5    20
-20.5    19
-19.5    24
-18.5    37
-17.5    39
-16.5    47
-15.5    60
-14.5    62
-13.5    61
-12.5    71
-11.5    108
-10.5    128
-9.5    146
-8.5    204
-7.5    213
-6.5    265
-5.5    325
-4.5    299
-3.5    352
-2.5    378
-1.5    379
-0.5    403
0.5    402
1.5    388
2.5    393
3.5    326
4.5    314
5.5    299
6.5    244
7.5    202
8.5    191
9.5    149
10.5    151
11.5    87
12.5    76
13.5    61
14.5    46
15.5    34
16.5    30
17.5    33
18.5    20
19.5    14
20.5    13
21.5    7
22.5    3
23.5    5
24.5    3
25.5    3
26.5    5
27.5    1
28.5    2
29.5    4
30.5    3
