-38.5    9
-37.5    6
-36.5    8
-35.5    6
-34.5    8
-33.5    13
-32.5    11
-31.5    16
-30.5    18
-29.5    29
-28.5    38
-27.5    47
-26.5    54
-25.5    55
-24.5    70
-23.5    104
-22.5    95
-21.5    132
-20.5    150
-19.5    154
-18.5    167
-17.5    158
-16.5    226
-15.5    222
-14.5    219
-13.5    272
-12.5    262
-11.5    286
-10.5    353
-9.5    370
-8.5    405
-7.5    483
-6.5    532
-5.5    608
-4.5    637
-3.5    671
-2.5    764
-1.5    760
-0.5    764
0.5    787
1.5    697
2.5    774
3.5    683
4.5    632
5.5    589
6.5    496
7.5    405
8.5    380
9.5    307
10.5    252
11.5    211
12.5    140
13.5    135
14.5    95
15.5    76
16.5    53
17.5    41
18.5    31
19.5    33
20.5    24
21.5    12
22.5    18
23.5    11
24.5    10
25.5    3
26.5    4
27.5    3
28.5    2
29.5    7
30.5    6
