-38.5    8
-37.5    11
-36.5    14
-35.5    14
-34.5    17
-33.5    37
-32.5    40
-31.5    41
-30.5    63
-29.5    70
-28.5    131
-27.5    145
-26.5    184
-25.5    213
-24.5    297
-23.5    293
-22.5    376
-21.5    390
-20.5    466
-19.5    571
-18.5    584
-17.5    580
-16.5    713
-15.5    653
-14.5    642
-13.5    676
-12.5    685
-11.5    711
-10.5    677
-9.5    615
-8.5    670
-7.5    668
-6.5    651
-5.5    676
-4.5    704
-3.5    721
-2.5    772
-1.5    705
-0.5    793
0.5    754
1.5    726
2.5    705
3.5    590
4.5    658
5.5    574
6.5    492
7.5    440
8.5    409
9.5    288
10.5    272
11.5    219
12.5    174
13.5    152
14.5    120
15.5    79
16.5    80
17.5    56
18.5    46
19.5    44
20.5    37
21.5    17
22.5    19
23.5    16
24.5    19
25.5    15
26.5    8
27.5    11
28.5    8
29.5    5
30.5    7
