-38.5    15
-37.5    10
-36.5    14
-35.5    20
-34.5    42
-33.5    38
-32.5    47
-31.5    72
-30.5    118
-29.5    100
-28.5    148
-27.5    170
-26.5    267
-25.5    294
-24.5    388
-23.5    451
-22.5    583
-21.5    623
-20.5    715
-19.5    845
-18.5    897
-17.5    995
-16.5    1065
-15.5    1018
-14.5    1000
-13.5    1076
-12.5    967
-11.5    999
-10.5    936
-9.5    776
-8.5    840
-7.5    754
-6.5    626
-5.5    579
-4.5    551
-3.5    521
-2.5    480
-1.5    414
-0.5    455
0.5    376
1.5    398
2.5    337
3.5    321
4.5    323
5.5    272
6.5    240
7.5    211
8.5    182
9.5    168
10.5    154
11.5    112
12.5    94
13.5    77
14.5    65
15.5    67
16.5    50
17.5    45
18.5    22
19.5    36
20.5    27
21.5    21
22.5    12
23.5    20
24.5    13
25.5    19
26.5    8
27.5    11
28.5    12
29.5    15
30.5    7
