-38.5    3
-37.5    0
-36.5    7
-35.5    7
-34.5    4
-33.5    5
-32.5    13
-31.5    17
-30.5    18
-29.5    23
-28.5    23
-27.5    33
-26.5    35
-25.5    34
-24.5    41
-23.5    43
-22.5    56
-21.5    73
-20.5    79
-19.5    85
-18.5    121
-17.5    113
-16.5    132
-15.5    159
-14.5    174
-13.5    195
-12.5    228
-11.5    255
-10.5    291
-9.5    329
-8.5    405
-7.5    483
-6.5    555
-5.5    647
-4.5    676
-3.5    805
-2.5    885
-1.5    880
-0.5    861
0.5    879
1.5    754
2.5    833
3.5    707
4.5    671
5.5    617
6.5    549
7.5    449
8.5    421
9.5    307
10.5    286
11.5    195
12.5    148
13.5    133
14.5    97
15.5    60
16.5    61
17.5    54
18.5    44
19.5    21
20.5    27
21.5    17
22.5    16
23.5    11
24.5    7
25.5    8
26.5    6
27.5    2
28.5    5
29.5    1
30.5    2
