-38.5    8
-37.5    12
-36.5    10
-35.5    9
-34.5    22
-33.5    25
-32.5    29
-31.5    31
-30.5    44
-29.5    50
-28.5    53
-27.5    76
-26.5    108
-25.5    123
-24.5    154
-23.5    159
-22.5    189
-21.5    208
-20.5    247
-19.5    294
-18.5    325
-17.5    354
-16.5    387
-15.5    390
-14.5    422
-13.5    446
-12.5    440
-11.5    473
-10.5    507
-9.5    565
-8.5    634
-7.5    674
-6.5    796
-5.5    865
-4.5    891
-3.5    998
-2.5    1036
-1.5    1043
-0.5    1157
0.5    1162
1.5    1054
2.5    1119
3.5    995
4.5    858
5.5    868
6.5    701
7.5    608
8.5    585
9.5    426
10.5    375
11.5    288
12.5    194
13.5    163
14.5    153
15.5    100
16.5    85
17.5    63
18.5    51
19.5    36
20.5    36
21.5    21
22.5    29
23.5    17
24.5    14
25.5    15
26.5    7
27.5    15
28.5    5
29.5    6
30.5    3
