-38.5    2
-37.5    6
-36.5    4
-35.5    8
-34.5    11
-33.5    12
-32.5    14
-31.5    20
-30.5    29
-29.5    33
-28.5    46
-27.5    45
-26.5    54
-25.5    67
-24.5    91
-23.5    116
-22.5    140
-21.5    172
-20.5    188
-19.5    196
-18.5    227
-17.5    202
-16.5    284
-15.5    219
-14.5    269
-13.5    242
-12.5    240
-11.5    254
-10.5    251
-9.5    235
-8.5    252
-7.5    229
-6.5    195
-5.5    216
-4.5    221
-3.5    240
-2.5    214
-1.5    230
-0.5    210
0.5    223
1.5    221
2.5    210
3.5    196
4.5    190
5.5    145
6.5    140
7.5    122
8.5    114
9.5    87
10.5    97
11.5    70
12.5    44
13.5    45
14.5    22
15.5    31
16.5    20
17.5    17
18.5    9
19.5    13
20.5    9
21.5    11
22.5    5
23.5    7
24.5    11
25.5    3
26.5    3
27.5    3
28.5    1
29.5    5
30.5    1
