-38.5    5
-37.5    9
-36.5    8
-35.5    6
-34.5    17
-33.5    14
-32.5    20
-31.5    22
-30.5    30
-29.5    28
-28.5    31
-27.5    49
-26.5    78
-25.5    74
-24.5    101
-23.5    110
-22.5    116
-21.5    136
-20.5    175
-19.5    188
-18.5    215
-17.5    212
-16.5    238
-15.5    252
-14.5    273
-13.5    299
-12.5    283
-11.5    292
-10.5    324
-9.5    374
-8.5    439
-7.5    453
-6.5    517
-5.5    573
-4.5    607
-3.5    692
-2.5    736
-1.5    676
-0.5    776
0.5    793
1.5    694
2.5    756
3.5    677
4.5    579
5.5    615
6.5    478
7.5    422
8.5    387
9.5    304
10.5    254
11.5    191
12.5    123
13.5    114
14.5    97
15.5    64
16.5    63
17.5    36
18.5    36
19.5    24
20.5    22
21.5    14
22.5    17
23.5    12
24.5    8
25.5    11
26.5    5
27.5    12
28.5    2
29.5    4
30.5    2
