-38.5    6
-37.5    6
-36.5    12
-35.5    10
-34.5    16
-33.5    17
-32.5    13
-31.5    19
-30.5    33
-29.5    35
-28.5    68
-27.5    72
-26.5    94
-25.5    96
-24.5    141
-23.5    172
-22.5    208
-21.5    241
-20.5    244
-19.5    295
-18.5    306
-17.5    368
-16.5    364
-15.5    414
-14.5    424
-13.5    398
-12.5    374
-11.5    354
-10.5    343
-9.5    330
-8.5    292
-7.5    260
-6.5    215
-5.5    198
-4.5    164
-3.5    135
-2.5    96
-1.5    80
-0.5    75
0.5    76
1.5    50
2.5    40
3.5    38
4.5    39
5.5    30
6.5    25
7.5    27
8.5    28
9.5    15
10.5    19
11.5    15
12.5    12
13.5    19
14.5    3
15.5    14
16.5    11
17.5    6
18.5    7
19.5    12
20.5    1
21.5    3
22.5    3
23.5    4
24.5    4
25.5    3
26.5    4
27.5    5
28.5    2
29.5    2
30.5    6
