-38.5    13
-37.5    15
-36.5    13
-35.5    16
-34.5    24
-33.5    31
-32.5    34
-31.5    35
-30.5    69
-29.5    71
-28.5    113
-27.5    113
-26.5    132
-25.5    182
-24.5    252
-23.5    264
-22.5    361
-21.5    367
-20.5    441
-19.5    533
-18.5    538
-17.5    602
-16.5    650
-15.5    618
-14.5    639
-13.5    637
-12.5    603
-11.5    691
-10.5    586
-9.5    491
-8.5    507
-7.5    445
-6.5    411
-5.5    392
-4.5    389
-3.5    362
-2.5    323
-1.5    358
-0.5    348
0.5    312
1.5    303
2.5    279
3.5    270
4.5    262
5.5    238
6.5    194
7.5    195
8.5    143
9.5    137
10.5    124
11.5    106
12.5    58
13.5    61
14.5    53
15.5    38
16.5    38
17.5    25
18.5    22
19.5    26
20.5    27
21.5    21
22.5    10
23.5    10
24.5    10
25.5    6
26.5    10
27.5    4
28.5    4
29.5    8
30.5    3
