-38.5    9
-37.5    14
-36.5    19
-35.5    13
-34.5    15
-33.5    32
-32.5    38
-31.5    49
-30.5    63
-29.5    79
-28.5    105
-27.5    130
-26.5    164
-25.5    198
-24.5    253
-23.5    263
-22.5    337
-21.5    378
-20.5    438
-19.5    520
-18.5    573
-17.5    520
-16.5    696
-15.5    591
-14.5    584
-13.5    684
-12.5    630
-11.5    639
-10.5    626
-9.5    639
-8.5    664
-7.5    623
-6.5    668
-5.5    717
-4.5    725
-3.5    744
-2.5    756
-1.5    754
-0.5    850
0.5    818
1.5    753
2.5    740
3.5    679
4.5    701
5.5    643
6.5    545
7.5    471
8.5    393
9.5    314
10.5    285
11.5    220
12.5    167
13.5    178
14.5    128
15.5    106
16.5    87
17.5    55
18.5    65
19.5    34
20.5    29
21.5    14
22.5    30
23.5    15
24.5    17
25.5    14
26.5    7
27.5    9
28.5    5
29.5    8
30.5    5
