-38.5    7
-37.5    11
-36.5    15
-35.5    15
-34.5    27
-33.5    36
-32.5    40
-31.5    44
-30.5    61
-29.5    80
-28.5    124
-27.5    149
-26.5    169
-25.5    242
-24.5    245
-23.5    300
-22.5    392
-21.5    418
-20.5    549
-19.5    597
-18.5    666
-17.5    664
-16.5    893
-15.5    780
-14.5    843
-13.5    834
-12.5    779
-11.5    731
-10.5    689
-9.5    630
-8.5    630
-7.5    462
-6.5    425
-5.5    422
-4.5    335
-3.5    293
-2.5    236
-1.5    180
-0.5    163
0.5    149
1.5    114
2.5    106
3.5    84
4.5    65
5.5    61
6.5    55
7.5    52
8.5    49
9.5    39
10.5    30
11.5    36
12.5    37
13.5    28
14.5    19
15.5    17
16.5    18
17.5    14
18.5    13
19.5    11
20.5    17
21.5    11
22.5    8
23.5    8
24.5    8
25.5    7
26.5    7
27.5    8
28.5    8
29.5    5
30.5    11
