-38.5    8
-37.5    8
-36.5    13
-35.5    17
-34.5    26
-33.5    20
-32.5    27
-31.5    39
-30.5    46
-29.5    68
-28.5    87
-27.5    104
-26.5    120
-25.5    156
-24.5    200
-23.5    222
-22.5    284
-21.5    319
-20.5    360
-19.5    413
-18.5    456
-17.5    453
-16.5    555
-15.5    490
-14.5    523
-13.5    526
-12.5    483
-11.5    498
-10.5    486
-9.5    478
-8.5    471
-7.5    455
-6.5    400
-5.5    441
-4.5    417
-3.5    449
-2.5    422
-1.5    471
-0.5    428
0.5    427
1.5    437
2.5    427
3.5    368
4.5    388
5.5    311
6.5    269
7.5    247
8.5    223
9.5    180
10.5    181
11.5    137
12.5    114
13.5    91
14.5    55
15.5    53
16.5    44
17.5    39
18.5    27
19.5    27
20.5    17
21.5    18
22.5    9
23.5    14
24.5    17
25.5    5
26.5    4
27.5    4
28.5    3
29.5    7
30.5    1
