-38.5    0
-37.5    1
-36.5    0
-35.5    3
-34.5    0
-33.5    1
-32.5    4
-31.5    1
-30.5    4
-29.5    7
-28.5    5
-27.5    6
-26.5    16
-25.5    18
-24.5    13
-23.5    24
-22.5    17
-21.5    24
-20.5    29
-19.5    35
-18.5    29
-17.5    42
-16.5    28
-15.5    31
-14.5    33
-13.5    25
-12.5    26
-11.5    47
-10.5    11
-9.5    29
-8.5    21
-7.5    12
-6.5    13
-5.5    14
-4.5    14
-3.5    20
-2.5    21
-1.5    17
-0.5    36
0.5    26
1.5    21
2.5    27
3.5    30
4.5    20
5.5    37
6.5    34
7.5    18
8.5    23
9.5    14
10.5    13
11.5    17
12.5    9
13.5    9
14.5    5
15.5    8
16.5    4
17.5    8
18.5    3
19.5    1
20.5    1
21.5    2
22.5    0
23.5    4
24.5    0
25.5    0
26.5    0
27.5    1
28.5    0
29.5    0
30.5    0
