-38.5    3
-37.5    0
-36.5    3
-35.5    3
-34.5    3
-33.5    1
-32.5    2
-31.5    3
-30.5    8
-29.5    5
-28.5    5
-27.5    8
-26.5    10
-25.5    9
-24.5    17
-23.5    32
-22.5    28
-21.5    49
-20.5    41
-19.5    32
-18.5    46
-17.5    63
-16.5    40
-15.5    43
-14.5    66
-13.5    49
-12.5    56
-11.5    71
-10.5    31
-9.5    59
-8.5    45
-7.5    24
-6.5    32
-5.5    43
-4.5    25
-3.5    21
-2.5    24
-1.5    12
-0.5    14
0.5    20
1.5    3
2.5    7
3.5    7
4.5    3
5.5    10
6.5    4
7.5    2
8.5    2
9.5    3
10.5    4
11.5    5
12.5    7
13.5    1
14.5    1
15.5    0
16.5    1
17.5    3
18.5    0
19.5    2
20.5    2
21.5    0
22.5    0
23.5    0
24.5    1
25.5    1
26.5    0
27.5    0
28.5    0
29.5    0
30.5    0
