-38.5    3
-37.5    1
-36.5    1
-35.5    4
-34.5    1
-33.5    1
-32.5    3
-31.5    5
-30.5    5
-29.5    9
-28.5    11
-27.5    9
-26.5    16
-25.5    24
-24.5    17
-23.5    42
-22.5    24
-21.5    33
-20.5    63
-19.5    53
-18.5    65
-17.5    93
-16.5    53
-15.5    64
-14.5    63
-13.5    57
-12.5    50
-11.5    88
-10.5    53
-9.5    63
-8.5    55
-7.5    27
-6.5    40
-5.5    39
-4.5    21
-3.5    30
-2.5    26
-1.5    16
-0.5    23
0.5    17
1.5    5
2.5    13
3.5    12
4.5    1
5.5    5
6.5    1
7.5    1
8.5    2
9.5    5
10.5    4
11.5    5
12.5    1
13.5    0
14.5    1
15.5    0
16.5    0
17.5    4
18.5    1
19.5    0
20.5    2
21.5    1
22.5    1
23.5    1
24.5    2
25.5    2
26.5    3
27.5    0
28.5    1
29.5    1
30.5    0
