-38.5    2
-37.5    1
-36.5    1
-35.5    3
-34.5    1
-33.5    1
-32.5    3
-31.5    1
-30.5    1
-29.5    6
-28.5    4
-27.5    8
-26.5    9
-25.5    5
-24.5    1
-23.5    2
-22.5    5
-21.5    3
-20.5    8
-19.5    2
-18.5    1
-17.5    5
-16.5    5
-15.5    6
-14.5    6
-13.5    6
-12.5    9
-11.5    17
-10.5    15
-9.5    17
-8.5    21
-7.5    21
-6.5    31
-5.5    49
-4.5    31
-3.5    50
-2.5    57
-1.5    42
-0.5    64
0.5    77
1.5    39
2.5    63
3.5    54
4.5    27
5.5    51
6.5    39
7.5    23
8.5    36
9.5    25
10.5    14
11.5    20
12.5    14
13.5    6
14.5    13
15.5    7
16.5    8
17.5    5
18.5    4
19.5    1
20.5    2
21.5    2
22.5    0
23.5    2
24.5    2
25.5    1
26.5    1
27.5    0
28.5    0
29.5    0
30.5    0
