-38.5    0
-37.5    1
-36.5    1
-35.5    2
-34.5    0
-33.5    0
-32.5    4
-31.5    5
-30.5    4
-29.5    7
-28.5    4
-27.5    11
-26.5    15
-25.5    9
-24.5    13
-23.5    25
-22.5    19
-21.5    31
-20.5    48
-19.5    38
-18.5    35
-17.5    76
-16.5    45
-15.5    41
-14.5    50
-13.5    39
-12.5    39
-11.5    53
-10.5    29
-9.5    34
-8.5    37
-7.5    25
-6.5    28
-5.5    26
-4.5    13
-3.5    23
-2.5    15
-1.5    11
-0.5    16
0.5    19
1.5    7
2.5    13
3.5    9
4.5    5
5.5    11
6.5    15
7.5    4
8.5    18
9.5    11
10.5    7
11.5    14
12.5    7
13.5    5
14.5    6
15.5    4
16.5    2
17.5    2
18.5    1
19.5    0
20.5    0
21.5    0
22.5    0
23.5    1
24.5    0
25.5    0
26.5    0
27.5    0
28.5    0
29.5    0
30.5    0
