-38.5    0
-37.5    1
-36.5    0
-35.5    2
-34.5    0
-33.5    0
-32.5    5
-31.5    1
-30.5    9
-29.5    5
-28.5    11
-27.5    10
-26.5    11
-25.5    11
-24.5    13
-23.5    37
-22.5    18
-21.5    47
-20.5    50
-19.5    40
-18.5    41
-17.5    69
-16.5    44
-15.5    43
-14.5    63
-13.5    46
-12.5    53
-11.5    69
-10.5    37
-9.5    45
-8.5    46
-7.5    26
-6.5    33
-5.5    39
-4.5    15
-3.5    18
-2.5    16
-1.5    4
-0.5    15
0.5    17
1.5    5
2.5    9
3.5    6
4.5    7
5.5    11
6.5    3
7.5    6
8.5    2
9.5    3
10.5    3
11.5    8
12.5    3
13.5    7
14.5    2
15.5    3
16.5    3
17.5    2
18.5    1
19.5    4
20.5    1
21.5    1
22.5    0
23.5    1
24.5    0
25.5    0
26.5    0
27.5    1
28.5    0
29.5    0
30.5    0
