-38.5    0
-37.5    0
-36.5    0
-35.5    0
-34.5    0
-33.5    1
-32.5    0
-31.5    0
-30.5    0
-29.5    0
-28.5    0
-27.5    0
-26.5    1
-25.5    2
-24.5    0
-23.5    2
-22.5    0
-21.5    0
-20.5    0
-19.5    0
-18.5    0
-17.5    4
-16.5    6
-15.5    7
-14.5    7
-13.5    8
-12.5    7
-11.5    22
-10.5    11
-9.5    18
-8.5    31
-7.5    20
-6.5    36
-5.5    53
-4.5    35
-3.5    60
-2.5    42
-1.5    40
-0.5    49
0.5    57
1.5    40
2.5    41
3.5    43
4.5    22
5.5    53
6.5    33
7.5    20
8.5    19
9.5    19
10.5    11
11.5    14
12.5    7
13.5    7
14.5    10
15.5    4
16.5    3
17.5    9
18.5    2
19.5    3
20.5    2
21.5    0
22.5    0
23.5    0
24.5    1
25.5    0
26.5    0
27.5    0
28.5    0
29.5    1
30.5    0
