-38.5    3
-37.5    0
-36.5    0
-35.5    3
-34.5    1
-33.5    3
-32.5    4
-31.5    2
-30.5    3
-29.5    12
-28.5    8
-27.5    7
-26.5    27
-25.5    15
-24.5    18
-23.5    39
-22.5    33
-21.5    40
-20.5    59
-19.5    43
-18.5    70
-17.5    102
-16.5    54
-15.5    67
-14.5    62
-13.5    64
-12.5    51
-11.5    79
-10.5    54
-9.5    59
-8.5    46
-7.5    27
-6.5    38
-5.5    38
-4.5    19
-3.5    31
-2.5    28
-1.5    12
-0.5    21
0.5    15
1.5    11
2.5    12
3.5    13
4.5    4
5.5    9
6.5    4
7.5    3
8.5    3
9.5    5
10.5    4
11.5    2
12.5    5
13.5    0
14.5    1
15.5    0
16.5    0
17.5    7
18.5    3
19.5    2
20.5    3
21.5    0
22.5    1
23.5    2
24.5    2
25.5    1
26.5    3
27.5    0
28.5    3
29.5    0
30.5    0
