-38.5    0
-37.5    1
-36.5    0
-35.5    4
-34.5    0
-33.5    1
-32.5    5
-31.5    0
-30.5    4
-29.5    6
-28.5    4
-27.5    7
-26.5    14
-25.5    17
-24.5    14
-23.5    23
-22.5    15
-21.5    23
-20.5    31
-19.5    36
-18.5    29
-17.5    42
-16.5    27
-15.5    30
-14.5    32
-13.5    21
-12.5    26
-11.5    44
-10.5    12
-9.5    29
-8.5    21
-7.5    13
-6.5    13
-5.5    16
-4.5    14
-3.5    21
-2.5    20
-1.5    16
-0.5    36
0.5    25
1.5    21
2.5    26
3.5    31
4.5    20
5.5    35
6.5    31
7.5    16
8.5    20
9.5    14
10.5    13
11.5    15
12.5    9
13.5    8
14.5    5
15.5    9
16.5    5
17.5    7
18.5    2
19.5    1
20.5    1
21.5    2
22.5    0
23.5    4
24.5    0
25.5    0
26.5    0
27.5    1
28.5    0
29.5    0
30.5    0
