-38.5    0
-37.5    1
-36.5    1
-35.5    0
-34.5    3
-33.5    2
-32.5    3
-31.5    2
-30.5    6
-29.5    10
-28.5    13
-27.5    10
-26.5    16
-25.5    14
-24.5    16
-23.5    43
-22.5    30
-21.5    42
-20.5    61
-19.5    34
-18.5    46
-17.5    69
-16.5    64
-15.5    73
-14.5    80
-13.5    52
-12.5    73
-11.5    61
-10.5    34
-9.5    73
-8.5    49
-7.5    36
-6.5    44
-5.5    44
-4.5    14
-3.5    25
-2.5    23
-1.5    14
-0.5    17
0.5    21
1.5    4
2.5    6
3.5    14
4.5    4
5.5    2
6.5    4
7.5    6
8.5    2
9.5    4
10.5    2
11.5    6
12.5    4
13.5    3
14.5    2
15.5    3
16.5    3
17.5    1
18.5    1
19.5    1
20.5    1
21.5    2
22.5    1
23.5    3
24.5    2
25.5    2
26.5    1
27.5    0
28.5    1
29.5    0
30.5    2
