-38.5    0
-37.5    1
-36.5    0
-35.5    0
-34.5    0
-33.5    0
-32.5    0
-31.5    0
-30.5    0
-29.5    0
-28.5    0
-27.5    1
-26.5    0
-25.5    2
-24.5    0
-23.5    0
-22.5    0
-21.5    0
-20.5    3
-19.5    0
-18.5    1
-17.5    5
-16.5    3
-15.5    4
-14.5    7
-13.5    8
-12.5    13
-11.5    16
-10.5    8
-9.5    18
-8.5    23
-7.5    14
-6.5    33
-5.5    46
-4.5    21
-3.5    40
-2.5    39
-1.5    37
-0.5    57
0.5    45
1.5    31
2.5    33
3.5    45
4.5    22
5.5    46
6.5    30
7.5    22
8.5    11
9.5    21
10.5    11
11.5    19
12.5    9
13.5    4
14.5    3
15.5    5
16.5    2
17.5    7
18.5    3
19.5    0
20.5    2
21.5    1
22.5    1
23.5    0
24.5    0
25.5    0
26.5    0
27.5    0
28.5    0
29.5    0
30.5    0
