-38.5    1
-37.5    2
-36.5    0
-35.5    0
-34.5    2
-33.5    0
-32.5    4
-31.5    1
-30.5    3
-29.5    6
-28.5    5
-27.5    5
-26.5    18
-25.5    16
-24.5    26
-23.5    27
-22.5    20
-21.5    36
-20.5    49
-19.5    29
-18.5    52
-17.5    76
-16.5    40
-15.5    63
-14.5    65
-13.5    53
-12.5    72
-11.5    70
-10.5    50
-9.5    42
-8.5    51
-7.5    27
-6.5    31
-5.5    39
-4.5    17
-3.5    21
-2.5    18
-1.5    13
-0.5    15
0.5    17
1.5    4
2.5    9
3.5    11
4.5    6
5.5    6
6.5    7
7.5    2
8.5    7
9.5    2
10.5    3
11.5    6
12.5    1
13.5    3
14.5    2
15.5    2
16.5    0
17.5    0
18.5    1
19.5    1
20.5    1
21.5    3
22.5    0
23.5    6
24.5    1
25.5    0
26.5    0
27.5    0
28.5    0
29.5    1
30.5    1
