-38.5    0
-37.5    0
-36.5    0
-35.5    1
-34.5    0
-33.5    0
-32.5    10
-31.5    0
-30.5    3
-29.5    6
-28.5    7
-27.5    10
-26.5    16
-25.5    12
-24.5    11
-23.5    22
-22.5    10
-21.5    12
-20.5    20
-19.5    18
-18.5    11
-17.5    16
-16.5    14
-15.5    14
-14.5    10
-13.5    8
-12.5    12
-11.5    21
-10.5    9
-9.5    13
-8.5    25
-7.5    11
-6.5    15
-5.5    31
-4.5    12
-3.5    35
-2.5    34
-1.5    28
-0.5    45
0.5    53
1.5    25
2.5    68
3.5    43
4.5    22
5.5    56
6.5    31
7.5    25
8.5    27
9.5    14
10.5    18
11.5    16
12.5    14
13.5    5
14.5    6
15.5    4
16.5    5
17.5    6
18.5    0
19.5    3
20.5    2
21.5    0
22.5    0
23.5    2
24.5    0
25.5    0
26.5    0
27.5    0
28.5    0
29.5    1
30.5    0
