-38.5    0
-37.5    2
-36.5    2
-35.5    1
-34.5    3
-33.5    0
-32.5    3
-31.5    5
-30.5    4
-29.5    4
-28.5    7
-27.5    10
-26.5    13
-25.5    13
-24.5    14
-23.5    35
-22.5    22
-21.5    42
-20.5    52
-19.5    42
-18.5    49
-17.5    81
-16.5    42
-15.5    38
-14.5    68
-13.5    46
-12.5    51
-11.5    84
-10.5    36
-9.5    60
-8.5    50
-7.5    27
-6.5    37
-5.5    37
-4.5    22
-3.5    21
-2.5    15
-1.5    4
-0.5    9
0.5    19
1.5    4
2.5    9
3.5    9
4.5    4
5.5    11
6.5    5
7.5    4
8.5    2
9.5    2
10.5    4
11.5    3
12.5    3
13.5    4
14.5    2
15.5    3
16.5    2
17.5    1
18.5    3
19.5    3
20.5    2
21.5    1
22.5    1
23.5    1
24.5    1
25.5    1
26.5    0
27.5    1
28.5    0
29.5    0
30.5    0
