-38.5    0
-37.5    2
-36.5    1
-35.5    2
-34.5    3
-33.5    0
-32.5    3
-31.5    4
-30.5    5
-29.5    4
-28.5    7
-27.5    11
-26.5    12
-25.5    15
-24.5    12
-23.5    33
-22.5    21
-21.5    41
-20.5    50
-19.5    40
-18.5    45
-17.5    79
-16.5    39
-15.5    37
-14.5    64
-13.5    45
-12.5    50
-11.5    85
-10.5    35
-9.5    58
-8.5    47
-7.5    25
-6.5    37
-5.5    36
-4.5    21
-3.5    23
-2.5    15
-1.5    3
-0.5    9
0.5    18
1.5    5
2.5    7
3.5    9
4.5    3
5.5    10
6.5    5
7.5    4
8.5    2
9.5    1
10.5    2
11.5    2
12.5    3
13.5    4
14.5    2
15.5    3
16.5    2
17.5    1
18.5    3
19.5    2
20.5    2
21.5    1
22.5    1
23.5    1
24.5    1
25.5    0
26.5    0
27.5    1
28.5    0
29.5    0
30.5    0
