-38.5    3
-37.5    1
-36.5    2
-35.5    1
-34.5    0
-33.5    4
-32.5    3
-31.5    2
-30.5    4
-29.5    6
-28.5    1
-27.5    9
-26.5    13
-25.5    6
-24.5    9
-23.5    11
-22.5    8
-21.5    11
-20.5    14
-19.5    7
-18.5    9
-17.5    13
-16.5    3
-15.5    11
-14.5    7
-13.5    10
-12.5    6
-11.5    17
-10.5    12
-9.5    12
-8.5    22
-7.5    12
-6.5    31
-5.5    40
-4.5    27
-3.5    42
-2.5    47
-1.5    37
-0.5    63
0.5    66
1.5    46
2.5    52
3.5    35
4.5    42
5.5    55
6.5    31
7.5    27
8.5    27
9.5    26
10.5    17
11.5    14
12.5    15
13.5    9
14.5    10
15.5    3
16.5    7
17.5    6
18.5    3
19.5    1
20.5    3
21.5    0
22.5    0
23.5    2
24.5    0
25.5    1
26.5    0
27.5    0
28.5    1
29.5    0
30.5    0
