-38.5    0
-37.5    0
-36.5    3
-35.5    1
-34.5    0
-33.5    2
-32.5    5
-31.5    5
-30.5    2
-29.5    6
-28.5    5
-27.5    9
-26.5    25
-25.5    12
-24.5    21
-23.5    36
-22.5    22
-21.5    35
-20.5    51
-19.5    24
-18.5    40
-17.5    83
-16.5    45
-15.5    79
-14.5    70
-13.5    48
-12.5    54
-11.5    69
-10.5    39
-9.5    50
-8.5    42
-7.5    38
-6.5    31
-5.5    49
-4.5    19
-3.5    19
-2.5    22
-1.5    10
-0.5    15
0.5    19
1.5    8
2.5    13
3.5    9
4.5    0
5.5    6
6.5    7
7.5    4
8.5    6
9.5    1
10.5    1
11.5    0
12.5    3
13.5    3
14.5    2
15.5    1
16.5    2
17.5    3
18.5    4
19.5    1
20.5    3
21.5    1
22.5    3
23.5    1
24.5    1
25.5    1
26.5    0
27.5    1
28.5    0
29.5    3
30.5    0
