-38.5    0
-37.5    1
-36.5    1
-35.5    1
-34.5    0
-33.5    0
-32.5    4
-31.5    3
-30.5    4
-29.5    8
-28.5    5
-27.5    11
-26.5    15
-25.5    8
-24.5    15
-23.5    27
-22.5    19
-21.5    32
-20.5    51
-19.5    37
-18.5    38
-17.5    79
-16.5    53
-15.5    46
-14.5    52
-13.5    40
-12.5    37
-11.5    55
-10.5    31
-9.5    33
-8.5    38
-7.5    26
-6.5    34
-5.5    26
-4.5    13
-3.5    20
-2.5    11
-1.5    13
-0.5    17
0.5    17
1.5    7
2.5    13
3.5    8
4.5    5
5.5    12
6.5    14
7.5    4
8.5    16
9.5    8
10.5    7
11.5    14
12.5    7
13.5    4
14.5    7
15.5    4
16.5    3
17.5    4
18.5    1
19.5    1
20.5    1
21.5    0
22.5    0
23.5    1
24.5    0
25.5    0
26.5    0
27.5    0
28.5    0
29.5    0
30.5    0
