-38.5    2
-37.5    0
-36.5    0
-35.5    0
-34.5    1
-33.5    0
-32.5    1
-31.5    1
-30.5    0
-29.5    2
-28.5    1
-27.5    0
-26.5    2
-25.5    0
-24.5    0
-23.5    1
-22.5    0
-21.5    0
-20.5    1
-19.5    4
-18.5    3
-17.5    7
-16.5    1
-15.5    4
-14.5    9
-13.5    4
-12.5    13
-11.5    23
-10.5    14
-9.5    10
-8.5    16
-7.5    20
-6.5    28
-5.5    57
-4.5    31
-3.5    46
-2.5    53
-1.5    33
-0.5    58
0.5    59
1.5    40
2.5    59
3.5    54
4.5    28
5.5    34
6.5    31
7.5    22
8.5    33
9.5    21
10.5    12
11.5    15
12.5    11
13.5    7
14.5    11
15.5    6
16.5    2
17.5    4
18.5    5
19.5    3
20.5    0
21.5    0
22.5    1
23.5    2
24.5    2
25.5    1
26.5    0
27.5    1
28.5    0
29.5    1
30.5    1
