-38.5    1
-37.5    0
-36.5    0
-35.5    0
-34.5    0
-33.5    0
-32.5    0
-31.5    0
-30.5    0
-29.5    0
-28.5    0
-27.5    1
-26.5    0
-25.5    1
-24.5    0
-23.5    0
-22.5    1
-21.5    0
-20.5    6
-19.5    0
-18.5    1
-17.5    3
-16.5    3
-15.5    2
-14.5    5
-13.5    6
-12.5    12
-11.5    12
-10.5    11
-9.5    15
-8.5    19
-7.5    18
-6.5    33
-5.5    40
-4.5    15
-3.5    41
-2.5    36
-1.5    33
-0.5    39
0.5    46
1.5    33
2.5    37
3.5    35
4.5    28
5.5    48
6.5    26
7.5    19
8.5    18
9.5    21
10.5    8
11.5    19
12.5    13
13.5    2
14.5    4
15.5    6
16.5    2
17.5    6
18.5    2
19.5    1
20.5    3
21.5    1
22.5    0
23.5    0
24.5    0
25.5    0
26.5    1
27.5    0
28.5    0
29.5    1
30.5    0
