-38.5    1
-37.5    0
-36.5    0
-35.5    1
-34.5    2
-33.5    2
-32.5    2
-31.5    5
-30.5    3
-29.5    10
-28.5    6
-27.5    10
-26.5    13
-25.5    11
-24.5    10
-23.5    36
-22.5    22
-21.5    29
-20.5    46
-19.5    25
-18.5    53
-17.5    65
-16.5    47
-15.5    70
-14.5    70
-13.5    33
-12.5    57
-11.5    62
-10.5    38
-9.5    53
-8.5    38
-7.5    25
-6.5    27
-5.5    44
-4.5    15
-3.5    34
-2.5    19
-1.5    10
-0.5    14
0.5    13
1.5    10
2.5    11
3.5    12
4.5    4
5.5    4
6.5    7
7.5    1
8.5    3
9.5    7
10.5    2
11.5    8
12.5    2
13.5    4
14.5    4
15.5    5
16.5    1
17.5    1
18.5    2
19.5    1
20.5    2
21.5    0
22.5    1
23.5    0
24.5    0
25.5    1
26.5    0
27.5    0
28.5    0
29.5    1
30.5    0
