-38.5    0
-37.5    1
-36.5    0
-35.5    0
-34.5    0
-33.5    4
-32.5    4
-31.5    1
-30.5    2
-29.5    6
-28.5    7
-27.5    8
-26.5    18
-25.5    10
-24.5    18
-23.5    30
-22.5    26
-21.5    34
-20.5    45
-19.5    49
-18.5    33
-17.5    64
-16.5    30
-15.5    64
-14.5    53
-13.5    41
-12.5    41
-11.5    55
-10.5    33
-9.5    37
-8.5    31
-7.5    16
-6.5    24
-5.5    24
-4.5    6
-3.5    22
-2.5    21
-1.5    14
-0.5    18
0.5    16
1.5    14
2.5    20
3.5    23
4.5    16
5.5    25
6.5    20
7.5    17
8.5    13
9.5    15
10.5    11
11.5    14
12.5    11
13.5    4
14.5    2
15.5    4
16.5    1
17.5    6
18.5    4
19.5    0
20.5    1
21.5    0
22.5    1
23.5    0
24.5    1
25.5    2
26.5    0
27.5    1
28.5    0
29.5    1
30.5    0
