-38.5    1
-37.5    2
-36.5    1
-35.5    1
-34.5    2
-33.5    3
-32.5    2
-31.5    3
-30.5    2
-29.5    4
-28.5    3
-27.5    7
-26.5    7
-25.5    6
-24.5    9
-23.5    12
-22.5    3
-21.5    11
-20.5    13
-19.5    9
-18.5    8
-17.5    8
-16.5    4
-15.5    11
-14.5    4
-13.5    6
-12.5    4
-11.5    15
-10.5    11
-9.5    17
-8.5    22
-7.5    14
-6.5    30
-5.5    35
-4.5    29
-3.5    39
-2.5    46
-1.5    44
-0.5    64
0.5    63
1.5    44
2.5    60
3.5    44
4.5    44
5.5    44
6.5    39
7.5    29
8.5    33
9.5    19
10.5    17
11.5    16
12.5    13
13.5    14
14.5    8
15.5    4
16.5    4
17.5    4
18.5    4
19.5    2
20.5    3
21.5    0
22.5    0
23.5    1
24.5    0
25.5    1
26.5    0
27.5    0
28.5    0
29.5    0
30.5    0
