-38.5    1
-37.5    1
-36.5    0
-35.5    1
-34.5    2
-33.5    0
-32.5    0
-31.5    1
-30.5    1
-29.5    2
-28.5    1
-27.5    4
-26.5    2
-25.5    1
-24.5    0
-23.5    3
-22.5    0
-21.5    1
-20.5    2
-19.5    5
-18.5    1
-17.5    4
-16.5    3
-15.5    6
-14.5    5
-13.5    4
-12.5    8
-11.5    24
-10.5    13
-9.5    14
-8.5    27
-7.5    21
-6.5    23
-5.5    53
-4.5    38
-3.5    43
-2.5    45
-1.5    40
-0.5    60
0.5    67
1.5    42
2.5    51
3.5    60
4.5    26
5.5    38
6.5    31
7.5    22
8.5    31
9.5    22
10.5    14
11.5    24
12.5    11
13.5    10
14.5    10
15.5    7
16.5    4
17.5    5
18.5    4
19.5    4
20.5    0
21.5    1
22.5    1
23.5    3
24.5    2
25.5    0
26.5    0
27.5    1
28.5    0
29.5    1
30.5    1
