-38.5    1
-37.5    0
-36.5    0
-35.5    0
-34.5    1
-33.5    0
-32.5    1
-31.5    1
-30.5    0
-29.5    2
-28.5    1
-27.5    0
-26.5    4
-25.5    0
-24.5    1
-23.5    1
-22.5    0
-21.5    0
-20.5    1
-19.5    4
-18.5    3
-17.5    6
-16.5    1
-15.5    5
-14.5    9
-13.5    4
-12.5    13
-11.5    24
-10.5    12
-9.5    13
-8.5    14
-7.5    20
-6.5    27
-5.5    59
-4.5    27
-3.5    47
-2.5    49
-1.5    30
-0.5    55
0.5    58
1.5    39
2.5    54
3.5    50
4.5    28
5.5    36
6.5    31
7.5    20
8.5    30
9.5    22
10.5    14
11.5    13
12.5    12
13.5    8
14.5    8
15.5    6
16.5    2
17.5    5
18.5    5
19.5    3
20.5    0
21.5    0
22.5    1
23.5    1
24.5    2
25.5    1
26.5    0
27.5    1
28.5    0
29.5    1
30.5    1
