-38.5    1
-37.5    2
-36.5    0
-35.5    0
-34.5    2
-33.5    1
-32.5    5
-31.5    5
-30.5    4
-29.5    5
-28.5    4
-27.5    7
-26.5    29
-25.5    17
-24.5    22
-23.5    32
-22.5    13
-21.5    41
-20.5    44
-19.5    30
-18.5    52
-17.5    68
-16.5    43
-15.5    67
-14.5    69
-13.5    52
-12.5    61
-11.5    61
-10.5    42
-9.5    53
-8.5    43
-7.5    33
-6.5    30
-5.5    40
-4.5    15
-3.5    23
-2.5    20
-1.5    15
-0.5    16
0.5    19
1.5    4
2.5    11
3.5    10
4.5    4
5.5    7
6.5    9
7.5    2
8.5    6
9.5    2
10.5    1
11.5    4
12.5    3
13.5    1
14.5    3
15.5    2
16.5    1
17.5    0
18.5    4
19.5    1
20.5    2
21.5    3
22.5    2
23.5    2
24.5    2
25.5    0
26.5    0
27.5    0
28.5    0
29.5    2
30.5    1
