-38.5    1
-37.5    1
-36.5    1
-35.5    3
-34.5    1
-33.5    4
-32.5    2
-31.5    1
-30.5    5
-29.5    11
-28.5    7
-27.5    11
-26.5    15
-25.5    11
-24.5    13
-23.5    25
-22.5    25
-21.5    43
-20.5    43
-19.5    34
-18.5    38
-17.5    65
-16.5    54
-15.5    51
-14.5    66
-13.5    44
-12.5    49
-11.5    62
-10.5    34
-9.5    49
-8.5    35
-7.5    27
-6.5    31
-5.5    33
-4.5    28
-3.5    18
-2.5    28
-1.5    8
-0.5    12
0.5    20
1.5    5
2.5    6
3.5    5
4.5    4
5.5    8
6.5    7
7.5    2
8.5    4
9.5    5
10.5    3
11.5    6
12.5    3
13.5    3
14.5    3
15.5    1
16.5    1
17.5    4
18.5    2
19.5    1
20.5    1
21.5    0
22.5    0
23.5    0
24.5    1
25.5    0
26.5    0
27.5    0
28.5    0
29.5    0
30.5    0
