-38.5    2
-37.5    1
-36.5    2
-35.5    1
-34.5    1
-33.5    3
-32.5    2
-31.5    2
-30.5    4
-29.5    5
-28.5    3
-27.5    11
-26.5    12
-25.5    6
-24.5    8
-23.5    11
-22.5    8
-21.5    12
-20.5    15
-19.5    7
-18.5    8
-17.5    15
-16.5    4
-15.5    13
-14.5    7
-13.5    10
-12.5    7
-11.5    17
-10.5    11
-9.5    12
-8.5    21
-7.5    11
-6.5    31
-5.5    41
-4.5    30
-3.5    42
-2.5    50
-1.5    39
-0.5    66
0.5    66
1.5    43
2.5    57
3.5    34
4.5    43
5.5    53
6.5    32
7.5    31
8.5    32
9.5    25
10.5    17
11.5    15
12.5    14
13.5    9
14.5    11
15.5    3
16.5    8
17.5    5
18.5    3
19.5    1
20.5    3
21.5    0
22.5    0
23.5    2
24.5    0
25.5    1
26.5    0
27.5    0
28.5    1
29.5    0
30.5    0
