-38.5    0
-37.5    0
-36.5    0
-35.5    1
-34.5    0
-33.5    0
-32.5    11
-31.5    0
-30.5    3
-29.5    6
-28.5    5
-27.5    10
-26.5    15
-25.5    13
-24.5    12
-23.5    24
-22.5    10
-21.5    11
-20.5    21
-19.5    19
-18.5    15
-17.5    17
-16.5    13
-15.5    12
-14.5    11
-13.5    11
-12.5    13
-11.5    20
-10.5    11
-9.5    12
-8.5    25
-7.5    13
-6.5    16
-5.5    31
-4.5    11
-3.5    36
-2.5    32
-1.5    27
-0.5    41
0.5    53
1.5    27
2.5    65
3.5    45
4.5    23
5.5    57
6.5    32
7.5    22
8.5    27
9.5    16
10.5    20
11.5    17
12.5    15
13.5    6
14.5    6
15.5    4
16.5    5
17.5    6
18.5    1
19.5    3
20.5    2
21.5    0
22.5    0
23.5    2
24.5    0
25.5    0
26.5    0
27.5    0
28.5    0
29.5    1
30.5    0
