-38.5    0
-37.5    3
-36.5    2
-35.5    1
-34.5    2
-33.5    2
-32.5    7
-31.5    0
-30.5    4
-29.5    10
-28.5    9
-27.5    12
-26.5    17
-25.5    15
-24.5    14
-23.5    25
-22.5    17
-21.5    13
-20.5    21
-19.5    18
-18.5    23
-17.5    37
-16.5    20
-15.5    28
-14.5    33
-13.5    14
-12.5    16
-11.5    18
-10.5    12
-9.5    15
-8.5    11
-7.5    14
-6.5    22
-5.5    30
-4.5    10
-3.5    30
-2.5    31
-1.5    21
-0.5    36
0.5    43
1.5    25
2.5    44
3.5    46
4.5    22
5.5    42
6.5    42
7.5    19
8.5    30
9.5    18
10.5    9
11.5    20
12.5    8
13.5    6
14.5    9
15.5    6
16.5    5
17.5    5
18.5    1
19.5    2
20.5    1
21.5    1
22.5    0
23.5    0
24.5    0
25.5    2
26.5    0
27.5    0
28.5    1
29.5    1
30.5    1
