-38.5    1
-37.5    2
-36.5    2
-35.5    0
-34.5    1
-33.5    1
-32.5    4
-31.5    5
-30.5    3
-29.5    6
-28.5    5
-27.5    7
-26.5    6
-25.5    5
-24.5    9
-23.5    13
-22.5    4
-21.5    3
-20.5    9
-19.5    6
-18.5    4
-17.5    14
-16.5    8
-15.5    6
-14.5    4
-13.5    4
-12.5    9
-11.5    19
-10.5    7
-9.5    27
-8.5    18
-7.5    22
-6.5    30
-5.5    56
-4.5    34
-3.5    49
-2.5    45
-1.5    42
-0.5    64
0.5    64
1.5    50
2.5    57
3.5    46
4.5    37
5.5    41
6.5    52
7.5    26
8.5    31
9.5    16
10.5    12
11.5    19
12.5    13
13.5    12
14.5    5
15.5    6
16.5    4
17.5    6
18.5    1
19.5    3
20.5    1
21.5    0
22.5    0
23.5    3
24.5    0
25.5    0
26.5    2
27.5    0
28.5    0
29.5    0
30.5    0
