-38.5    0
-37.5    0
-36.5    2
-35.5    1
-34.5    1
-33.5    0
-32.5    3
-31.5    4
-30.5    2
-29.5    5
-28.5    5
-27.5    9
-26.5    16
-25.5    13
-24.5    12
-23.5    22
-22.5    21
-21.5    32
-20.5    39
-19.5    40
-18.5    47
-17.5    55
-16.5    38
-15.5    37
-14.5    52
-13.5    29
-12.5    39
-11.5    55
-10.5    22
-9.5    40
-8.5    34
-7.5    23
-6.5    28
-5.5    24
-4.5    9
-3.5    19
-2.5    14
-1.5    7
-0.5    20
0.5    11
1.5    6
2.5    12
3.5    7
4.5    5
5.5    14
6.5    17
7.5    8
8.5    17
9.5    13
10.5    4
11.5    18
12.5    6
13.5    4
14.5    7
15.5    7
16.5    2
17.5    2
18.5    0
19.5    0
20.5    1
21.5    1
22.5    0
23.5    2
24.5    0
25.5    0
26.5    0
27.5    0
28.5    0
29.5    0
30.5    0
