-38.5    3
-37.5    0
-36.5    2
-35.5    2
-34.5    3
-33.5    0
-32.5    2
-31.5    4
-30.5    5
-29.5    8
-28.5    6
-27.5    6
-26.5    9
-25.5    9
-24.5    16
-23.5    39
-22.5    21
-21.5    40
-20.5    46
-19.5    38
-18.5    44
-17.5    73
-16.5    50
-15.5    57
-14.5    65
-13.5    50
-12.5    69
-11.5    78
-10.5    32
-9.5    44
-8.5    51
-7.5    30
-6.5    37
-5.5    54
-4.5    20
-3.5    31
-2.5    18
-1.5    10
-0.5    17
0.5    29
1.5    5
2.5    7
3.5    6
4.5    3
5.5    9
6.5    3
7.5    2
8.5    1
9.5    2
10.5    3
11.5    6
12.5    6
13.5    1
14.5    0
15.5    3
16.5    0
17.5    2
18.5    0
19.5    3
20.5    2
21.5    0
22.5    1
23.5    0
24.5    1
25.5    1
26.5    0
27.5    0
28.5    0
29.5    0
30.5    1
