-38.5    1
-37.5    1
-36.5    0
-35.5    1
-34.5    3
-33.5    3
-32.5    4
-31.5    3
-30.5    8
-29.5    5
-28.5    10
-27.5    13
-26.5    14
-25.5    11
-24.5    15
-23.5    35
-22.5    22
-21.5    43
-20.5    59
-19.5    42
-18.5    41
-17.5    87
-16.5    58
-15.5    66
-14.5    74
-13.5    56
-12.5    77
-11.5    71
-10.5    41
-9.5    57
-8.5    51
-7.5    51
-6.5    43
-5.5    43
-4.5    24
-3.5    30
-2.5    29
-1.5    10
-0.5    22
0.5    17
1.5    5
2.5    7
3.5    11
4.5    4
5.5    5
6.5    8
7.5    4
8.5    8
9.5    2
10.5    0
11.5    6
12.5    4
13.5    1
14.5    4
15.5    1
16.5    1
17.5    1
18.5    2
19.5    2
20.5    1
21.5    2
22.5    0
23.5    2
24.5    1
25.5    2
26.5    3
27.5    1
28.5    0
29.5    2
30.5    1
