-38.5    0
-37.5    0
-36.5    0
-35.5    2
-34.5    0
-33.5    4
-32.5    2
-31.5    2
-30.5    2
-29.5    8
-28.5    7
-27.5    8
-26.5    17
-25.5    10
-24.5    13
-23.5    30
-22.5    22
-21.5    37
-20.5    35
-19.5    39
-18.5    32
-17.5    52
-16.5    31
-15.5    46
-14.5    41
-13.5    35
-12.5    36
-11.5    52
-10.5    19
-9.5    36
-8.5    27
-7.5    13
-6.5    20
-5.5    14
-4.5    13
-3.5    20
-2.5    19
-1.5    15
-0.5    22
0.5    16
1.5    17
2.5    25
3.5    28
4.5    22
5.5    33
6.5    29
7.5    22
8.5    16
9.5    11
10.5    10
11.5    19
12.5    15
13.5    8
14.5    4
15.5    8
16.5    3
17.5    9
18.5    3
19.5    0
20.5    0
21.5    0
22.5    0
23.5    2
24.5    0
25.5    0
26.5    0
27.5    1
28.5    0
29.5    1
30.5    0
