-38.5    1
-37.5    0
-36.5    0
-35.5    0
-34.5    0
-33.5    1
-32.5    1
-31.5    1
-30.5    1
-29.5    0
-28.5    0
-27.5    1
-26.5    2
-25.5    0
-24.5    1
-23.5    0
-22.5    0
-21.5    0
-20.5    1
-19.5    3
-18.5    5
-17.5    5
-16.5    2
-15.5    8
-14.5    9
-13.5    4
-12.5    11
-11.5    21
-10.5    10
-9.5    17
-8.5    11
-7.5    27
-6.5    31
-5.5    56
-4.5    26
-3.5    54
-2.5    66
-1.5    34
-0.5    62
0.5    53
1.5    36
2.5    55
3.5    48
4.5    30
5.5    39
6.5    33
7.5    21
8.5    30
9.5    29
10.5    16
11.5    10
12.5    15
13.5    6
14.5    7
15.5    7
16.5    4
17.5    2
18.5    3
19.5    4
20.5    2
21.5    1
22.5    1
23.5    2
24.5    0
25.5    2
26.5    0
27.5    0
28.5    0
29.5    1
30.5    0
