-38.5    0
-37.5    1
-36.5    0
-35.5    1
-34.5    0
-33.5    1
-32.5    9
-31.5    0
-30.5    4
-29.5    8
-28.5    6
-27.5    10
-26.5    17
-25.5    13
-24.5    15
-23.5    23
-22.5    16
-21.5    10
-20.5    23
-19.5    12
-18.5    17
-17.5    20
-16.5    11
-15.5    18
-14.5    14
-13.5    14
-12.5    15
-11.5    23
-10.5    15
-9.5    12
-8.5    16
-7.5    12
-6.5    18
-5.5    27
-4.5    11
-3.5    27
-2.5    28
-1.5    23
-0.5    39
0.5    46
1.5    27
2.5    57
3.5    44
4.5    15
5.5    54
6.5    34
7.5    18
8.5    35
9.5    19
10.5    14
11.5    16
12.5    15
13.5    6
14.5    10
15.5    3
16.5    6
17.5    8
18.5    1
19.5    1
20.5    2
21.5    1
22.5    0
23.5    0
24.5    0
25.5    0
26.5    0
27.5    0
28.5    1
29.5    1
30.5    1
