-38.5    2
-37.5    1
-36.5    1
-35.5    0
-34.5    0
-33.5    1
-32.5    9
-31.5    0
-30.5    3
-29.5    7
-28.5    4
-27.5    12
-26.5    16
-25.5    8
-24.5    4
-23.5    15
-22.5    10
-21.5    10
-20.5    17
-19.5    15
-18.5    10
-17.5    22
-16.5    11
-15.5    11
-14.5    7
-13.5    10
-12.5    13
-11.5    18
-10.5    8
-9.5    11
-8.5    22
-7.5    14
-6.5    26
-5.5    44
-4.5    19
-3.5    45
-2.5    41
-1.5    35
-0.5    53
0.5    63
1.5    39
2.5    54
3.5    33
4.5    30
5.5    51
6.5    33
7.5    27
8.5    22
9.5    17
10.5    17
11.5    17
12.5    15
13.5    4
14.5    5
15.5    5
16.5    6
17.5    5
18.5    0
19.5    3
20.5    1
21.5    0
22.5    0
23.5    4
24.5    0
25.5    0
26.5    0
27.5    0
28.5    1
29.5    1
30.5    0
