-38.5    0
-37.5    1
-36.5    1
-35.5    0
-34.5    1
-33.5    1
-32.5    2
-31.5    1
-30.5    3
-29.5    5
-28.5    5
-27.5    6
-26.5    18
-25.5    14
-24.5    18
-23.5    26
-22.5    21
-21.5    31
-20.5    35
-19.5    37
-18.5    42
-17.5    58
-16.5    25
-15.5    58
-14.5    58
-13.5    34
-12.5    38
-11.5    58
-10.5    24
-9.5    38
-8.5    33
-7.5    16
-6.5    19
-5.5    32
-4.5    3
-3.5    17
-2.5    16
-1.5    12
-0.5    23
0.5    10
1.5    8
2.5    14
3.5    16
4.5    6
5.5    21
6.5    12
7.5    10
8.5    10
9.5    12
10.5    8
11.5    11
12.5    8
13.5    2
14.5    3
15.5    6
16.5    1
17.5    3
18.5    2
19.5    0
20.5    2
21.5    1
22.5    1
23.5    1
24.5    1
25.5    1
26.5    0
27.5    1
28.5    0
29.5    0
30.5    0
