-38.5    0
-37.5    0
-36.5    3
-35.5    2
-34.5    0
-33.5    1
-32.5    5
-31.5    2
-30.5    3
-29.5    6
-28.5    5
-27.5    9
-26.5    11
-25.5    14
-24.5    18
-23.5    33
-22.5    30
-21.5    36
-20.5    47
-19.5    23
-18.5    40
-17.5    77
-16.5    46
-15.5    69
-14.5    76
-13.5    51
-12.5    57
-11.5    75
-10.5    44
-9.5    49
-8.5    48
-7.5    26
-6.5    37
-5.5    47
-4.5    17
-3.5    15
-2.5    24
-1.5    12
-0.5    17
0.5    20
1.5    12
2.5    14
3.5    7
4.5    1
5.5    3
6.5    6
7.5    4
8.5    5
9.5    0
10.5    2
11.5    1
12.5    3
13.5    3
14.5    2
15.5    3
16.5    2
17.5    4
18.5    2
19.5    1
20.5    3
21.5    0
22.5    2
23.5    1
24.5    0
25.5    2
26.5    0
27.5    1
28.5    2
29.5    1
30.5    0
