-38.5    0
-37.5    0
-36.5    0
-35.5    2
-34.5    0
-33.5    4
-32.5    3
-31.5    2
-30.5    3
-29.5    9
-28.5    7
-27.5    7
-26.5    15
-25.5    11
-24.5    14
-23.5    28
-22.5    21
-21.5    33
-20.5    33
-19.5    37
-18.5    31
-17.5    52
-16.5    34
-15.5    43
-14.5    40
-13.5    32
-12.5    34
-11.5    47
-10.5    20
-9.5    35
-8.5    24
-7.5    12
-6.5    22
-5.5    11
-4.5    14
-3.5    22
-2.5    21
-1.5    14
-0.5    23
0.5    12
1.5    16
2.5    23
3.5    28
4.5    22
5.5    31
6.5    33
7.5    22
8.5    15
9.5    10
10.5    10
11.5    21
12.5    13
13.5    8
14.5    4
15.5    8
16.5    3
17.5    8
18.5    3
19.5    0
20.5    0
21.5    1
22.5    0
23.5    3
24.5    0
25.5    0
26.5    0
27.5    1
28.5    0
29.5    1
30.5    0
