-38.5    4
-37.5    0
-36.5    3
-35.5    3
-34.5    3
-33.5    0
-32.5    3
-31.5    3
-30.5    10
-29.5    6
-28.5    5
-27.5    8
-26.5    10
-25.5    7
-24.5    18
-23.5    37
-22.5    29
-21.5    47
-20.5    44
-19.5    35
-18.5    48
-17.5    64
-16.5    43
-15.5    47
-14.5    69
-13.5    50
-12.5    53
-11.5    76
-10.5    31
-9.5    58
-8.5    44
-7.5    25
-6.5    36
-5.5    49
-4.5    21
-3.5    25
-2.5    23
-1.5    11
-0.5    13
0.5    20
1.5    3
2.5    8
3.5    8
4.5    4
5.5    11
6.5    4
7.5    2
8.5    3
9.5    2
10.5    4
11.5    6
12.5    6
13.5    2
14.5    1
15.5    0
16.5    1
17.5    3
18.5    0
19.5    2
20.5    2
21.5    0
22.5    0
23.5    0
24.5    1
25.5    1
26.5    0
27.5    0
28.5    0
29.5    0
30.5    1
