-38.5    0
-37.5    1
-36.5    0
-35.5    2
-34.5    1
-33.5    4
-32.5    2
-31.5    3
-30.5    2
-29.5    14
-28.5    6
-27.5    12
-26.5    17
-25.5    11
-24.5    10
-23.5    29
-22.5    24
-21.5    31
-20.5    45
-19.5    32
-18.5    39
-17.5    61
-16.5    61
-15.5    64
-14.5    63
-13.5    42
-12.5    52
-11.5    59
-10.5    32
-9.5    51
-8.5    35
-7.5    27
-6.5    28
-5.5    41
-4.5    18
-3.5    31
-2.5    19
-1.5    9
-0.5    9
0.5    19
1.5    8
2.5    6
3.5    8
4.5    5
5.5    4
6.5    6
7.5    1
8.5    3
9.5    7
10.5    0
11.5    7
12.5    1
13.5    5
14.5    4
15.5    4
16.5    0
17.5    2
18.5    3
19.5    0
20.5    2
21.5    0
22.5    1
23.5    0
24.5    0
25.5    1
26.5    0
27.5    0
28.5    0
29.5    1
30.5    0
