-38.5    0
-37.5    1
-36.5    0
-35.5    0
-34.5    0
-33.5    1
-32.5    0
-31.5    0
-30.5    0
-29.5    0
-28.5    0
-27.5    0
-26.5    0
-25.5    3
-24.5    0
-23.5    2
-22.5    0
-21.5    0
-20.5    0
-19.5    0
-18.5    0
-17.5    6
-16.5    5
-15.5    6
-14.5    7
-13.5    9
-12.5    7
-11.5    26
-10.5    11
-9.5    12
-8.5    26
-7.5    16
-6.5    36
-5.5    49
-4.5    28
-3.5    45
-2.5    43
-1.5    35
-0.5    60
0.5    45
1.5    39
2.5    31
3.5    42
4.5    19
5.5    48
6.5    33
7.5    25
8.5    16
9.5    20
10.5    11
11.5    13
12.5    7
13.5    9
14.5    5
15.5    4
16.5    3
17.5    9
18.5    2
19.5    3
20.5    1
21.5    0
22.5    1
23.5    0
24.5    0
25.5    0
26.5    0
27.5    0
28.5    0
29.5    1
30.5    0
