-38.5    0
-37.5    0
-36.5    0
-35.5    3
-34.5    1
-33.5    1
-32.5    4
-31.5    2
-30.5    5
-29.5    8
-28.5    12
-27.5    6
-26.5    11
-25.5    10
-24.5    17
-23.5    33
-22.5    12
-21.5    33
-20.5    47
-19.5    37
-18.5    50
-17.5    54
-16.5    46
-15.5    54
-14.5    65
-13.5    41
-12.5    45
-11.5    56
-10.5    40
-9.5    48
-8.5    30
-7.5    26
-6.5    24
-5.5    36
-4.5    12
-3.5    17
-2.5    14
-1.5    7
-0.5    16
0.5    6
1.5    5
2.5    6
3.5    4
4.5    9
5.5    12
6.5    4
7.5    6
8.5    6
9.5    5
10.5    3
11.5    9
12.5    5
13.5    5
14.5    6
15.5    2
16.5    3
17.5    2
18.5    3
19.5    1
20.5    0
21.5    1
22.5    0
23.5    0
24.5    1
25.5    1
26.5    0
27.5    1
28.5    0
29.5    3
30.5    0
