-38.5    2
-37.5    1
-36.5    0
-35.5    1
-34.5    1
-33.5    5
-32.5    5
-31.5    2
-30.5    5
-29.5    9
-28.5    6
-27.5    10
-26.5    23
-25.5    11
-24.5    17
-23.5    34
-22.5    28
-21.5    43
-20.5    52
-19.5    45
-18.5    53
-17.5    99
-16.5    57
-15.5    65
-14.5    55
-13.5    58
-12.5    57
-11.5    74
-10.5    52
-9.5    57
-8.5    52
-7.5    42
-6.5    37
-5.5    43
-4.5    23
-3.5    30
-2.5    29
-1.5    9
-0.5    20
0.5    13
1.5    11
2.5    10
3.5    12
4.5    4
5.5    11
6.5    8
7.5    4
8.5    7
9.5    1
10.5    1
11.5    3
12.5    6
13.5    0
14.5    3
15.5    1
16.5    0
17.5    3
18.5    4
19.5    3
20.5    4
21.5    1
22.5    0
23.5    2
24.5    0
25.5    0
26.5    2
27.5    1
28.5    2
29.5    2
30.5    0
