-38.5    1
-37.5    1
-36.5    1
-35.5    3
-34.5    0
-33.5    2
-32.5    2
-31.5    5
-30.5    7
-29.5    8
-28.5    10
-27.5    11
-26.5    11
-25.5    26
-24.5    21
-23.5    38
-22.5    26
-21.5    33
-20.5    63
-19.5    59
-18.5    55
-17.5    93
-16.5    60
-15.5    60
-14.5    63
-13.5    46
-12.5    62
-11.5    85
-10.5    50
-9.5    69
-8.5    53
-7.5    34
-6.5    31
-5.5    45
-4.5    22
-3.5    28
-2.5    19
-1.5    17
-0.5    18
0.5    18
1.5    8
2.5    13
3.5    14
4.5    1
5.5    8
6.5    5
7.5    3
8.5    3
9.5    3
10.5    1
11.5    6
12.5    3
13.5    2
14.5    1
15.5    2
16.5    0
17.5    1
18.5    2
19.5    0
20.5    2
21.5    1
22.5    1
23.5    0
24.5    0
25.5    2
26.5    0
27.5    0
28.5    0
29.5    1
30.5    0
