-38.5    0
-37.5    0
-36.5    3
-35.5    3
-34.5    1
-33.5    0
-32.5    3
-31.5    4
-30.5    2
-29.5    8
-28.5    6
-27.5    8
-26.5    8
-25.5    5
-24.5    7
-23.5    7
-22.5    3
-21.5    3
-20.5    6
-19.5    2
-18.5    1
-17.5    9
-16.5    5
-15.5    6
-14.5    6
-13.5    2
-12.5    11
-11.5    16
-10.5    11
-9.5    26
-8.5    23
-7.5    21
-6.5    29
-5.5    56
-4.5    44
-3.5    60
-2.5    54
-1.5    39
-0.5    74
0.5    71
1.5    38
2.5    58
3.5    50
4.5    32
5.5    45
6.5    48
7.5    23
8.5    36
9.5    24
10.5    13
11.5    20
12.5    15
13.5    9
14.5    14
15.5    6
16.5    6
17.5    7
18.5    1
19.5    2
20.5    2
21.5    2
22.5    0
23.5    3
24.5    0
25.5    1
26.5    3
27.5    0
28.5    0
29.5    0
30.5    0
