-38.5    1
-37.5    1
-36.5    2
-35.5    0
-34.5    4
-33.5    0
-32.5    1
-31.5    7
-30.5    2
-29.5    6
-28.5    4
-27.5    7
-26.5    13
-25.5    14
-24.5    11
-23.5    36
-22.5    19
-21.5    28
-20.5    48
-19.5    36
-18.5    59
-17.5    75
-16.5    42
-15.5    40
-14.5    69
-13.5    35
-12.5    53
-11.5    76
-10.5    43
-9.5    57
-8.5    43
-7.5    26
-6.5    26
-5.5    38
-4.5    22
-3.5    26
-2.5    18
-1.5    8
-0.5    14
0.5    12
1.5    6
2.5    11
3.5    11
4.5    4
5.5    7
6.5    5
7.5    2
8.5    3
9.5    4
10.5    2
11.5    6
12.5    4
13.5    3
14.5    4
15.5    4
16.5    2
17.5    1
18.5    3
19.5    2
20.5    1
21.5    1
22.5    1
23.5    0
24.5    1
25.5    1
26.5    0
27.5    0
28.5    0
29.5    0
30.5    0
