-38.5    0
-37.5    1
-36.5    1
-35.5    0
-34.5    1
-33.5    2
-32.5    3
-31.5    1
-30.5    1
-29.5    9
-28.5    7
-27.5    6
-26.5    16
-25.5    14
-24.5    20
-23.5    36
-22.5    29
-21.5    40
-20.5    54
-19.5    31
-18.5    47
-17.5    73
-16.5    52
-15.5    80
-14.5    65
-13.5    52
-12.5    66
-11.5    70
-10.5    44
-9.5    58
-8.5    53
-7.5    22
-6.5    39
-5.5    46
-4.5    14
-3.5    23
-2.5    20
-1.5    9
-0.5    13
0.5    17
1.5    5
2.5    7
3.5    12
4.5    3
5.5    5
6.5    1
7.5    5
8.5    3
9.5    3
10.5    4
11.5    5
12.5    3
13.5    5
14.5    1
15.5    3
16.5    2
17.5    0
18.5    0
19.5    0
20.5    1
21.5    2
22.5    1
23.5    6
24.5    1
25.5    0
26.5    0
27.5    0
28.5    1
29.5    1
30.5    1
