-38.5    1
-37.5    0
-36.5    0
-35.5    1
-34.5    1
-33.5    0
-32.5    3
-31.5    3
-30.5    4
-29.5    10
-28.5    6
-27.5    9
-26.5    11
-25.5    13
-24.5    15
-23.5    33
-22.5    19
-21.5    41
-20.5    42
-19.5    33
-18.5    41
-17.5    74
-16.5    52
-15.5    68
-14.5    72
-13.5    55
-12.5    66
-11.5    74
-10.5    40
-9.5    38
-8.5    49
-7.5    25
-6.5    43
-5.5    44
-4.5    16
-3.5    25
-2.5    20
-1.5    9
-0.5    20
0.5    24
1.5    11
2.5    10
3.5    5
4.5    2
5.5    5
6.5    5
7.5    2
8.5    2
9.5    0
10.5    3
11.5    3
12.5    5
13.5    2
14.5    1
15.5    5
16.5    1
17.5    3
18.5    1
19.5    2
20.5    2
21.5    0
22.5    2
23.5    0
24.5    1
25.5    1
26.5    0
27.5    0
28.5    2
29.5    0
30.5    1
