-38.5    5
-37.5    2
-36.5    4
-35.5    8
-34.5    15
-33.5    15
-32.5    24
-31.5    31
-30.5    46
-29.5    48
-28.5    54
-27.5    59
-26.5    76
-25.5    106
-24.5    134
-23.5    126
-22.5    167
-21.5    177
-20.5    178
-19.5    268
-18.5    278
-17.5    314
-16.5    365
-15.5    410
-14.5    453
-13.5    488
-12.5    539
-11.5    631
-10.5    712
-9.5    773
-8.5    898
-7.5    1002
-6.5    1069
-5.5    1193
-4.5    1239
-3.5    1349
-2.5    1309
-1.5    1445
-0.5    1433
0.5    1468
1.5    1434
2.5    1390
3.5    1339
4.5    1276
5.5    1130
6.5    1079
7.5    929
8.5    810
9.5    680
10.5    611
11.5    515
12.5    422
13.5    339
14.5    279
15.5    212
16.5    196
17.5    143
18.5    110
19.5    62
20.5    47
21.5    28
22.5    31
23.5    15
24.5    8
25.5    17
26.5    8
27.5    6
28.5    2
29.5    1
30.5    2
