-38.5    12
-37.5    16
-36.5    29
-35.5    45
-34.5    45
-33.5    67
-32.5    96
-31.5    123
-30.5    193
-29.5    235
-28.5    280
-27.5    325
-26.5    461
-25.5    538
-24.5    639
-23.5    763
-22.5    796
-21.5    978
-20.5    1152
-19.5    1164
-18.5    1332
-17.5    1297
-16.5    1494
-15.5    1568
-14.5    1484
-13.5    1567
-12.5    1558
-11.5    1529
-10.5    1457
-9.5    1327
-8.5    1312
-7.5    1141
-6.5    968
-5.5    872
-4.5    787
-3.5    666
-2.5    549
-1.5    487
-0.5    407
0.5    369
1.5    291
2.5    263
3.5    191
4.5    155
5.5    153
6.5    118
7.5    101
8.5    87
9.5    59
10.5    58
11.5    59
12.5    40
13.5    34
14.5    33
15.5    30
16.5    27
17.5    25
18.5    18
19.5    13
20.5    13
21.5    11
22.5    12
23.5    6
24.5    6
25.5    3
26.5    1
27.5    4
28.5    4
29.5    0
30.5    4
