-38.5    6
-37.5    6
-36.5    12
-35.5    23
-34.5    27
-33.5    41
-32.5    49
-31.5    73
-30.5    117
-29.5    167
-28.5    223
-27.5    284
-26.5    349
-25.5    490
-24.5    598
-23.5    675
-22.5    831
-21.5    975
-20.5    1161
-19.5    1366
-18.5    1461
-17.5    1657
-16.5    1636
-15.5    1679
-14.5    1805
-13.5    1805
-12.5    1798
-11.5    1648
-10.5    1555
-9.5    1436
-8.5    1415
-7.5    1120
-6.5    1071
-5.5    860
-4.5    800
-3.5    578
-2.5    505
-1.5    388
-0.5    315
0.5    249
1.5    165
2.5    136
3.5    109
4.5    50
5.5    47
6.5    37
7.5    35
8.5    22
9.5    16
10.5    24
11.5    13
12.5    11
13.5    6
14.5    7
15.5    7
16.5    9
17.5    0
18.5    4
19.5    1
20.5    1
21.5    1
22.5    2
23.5    1
24.5    0
25.5    1
26.5    0
27.5    0
28.5    0
29.5    0
30.5    1
