-38.5    11
-37.5    12
-36.5    15
-35.5    20
-34.5    31
-33.5    44
-32.5    51
-31.5    64
-30.5    98
-29.5    130
-28.5    147
-27.5    193
-26.5    221
-25.5    303
-24.5    324
-23.5    384
-22.5    413
-21.5    480
-20.5    548
-19.5    647
-18.5    666
-17.5    733
-16.5    763
-15.5    835
-14.5    828
-13.5    861
-12.5    877
-11.5    879
-10.5    920
-9.5    895
-8.5    965
-7.5    933
-6.5    972
-5.5    982
-4.5    995
-3.5    1022
-2.5    1042
-1.5    1069
-0.5    1033
0.5    1051
1.5    984
2.5    1003
3.5    936
4.5    845
5.5    786
6.5    746
7.5    670
8.5    623
9.5    566
10.5    481
11.5    386
12.5    342
13.5    254
14.5    239
15.5    172
16.5    124
17.5    129
18.5    92
19.5    66
20.5    53
21.5    42
22.5    27
23.5    22
24.5    12
25.5    7
26.5    4
27.5    3
28.5    3
29.5    0
30.5    4
