-38.5    17
-37.5    12
-36.5    25
-35.5    40
-34.5    39
-33.5    80
-32.5    79
-31.5    111
-30.5    138
-29.5    223
-28.5    304
-27.5    317
-26.5    409
-25.5    520
-24.5    591
-23.5    676
-22.5    752
-21.5    885
-20.5    1023
-19.5    1118
-18.5    1263
-17.5    1290
-16.5    1327
-15.5    1433
-14.5    1500
-13.5    1441
-12.5    1418
-11.5    1403
-10.5    1383
-9.5    1244
-8.5    1131
-7.5    1069
-6.5    965
-5.5    938
-4.5    764
-3.5    714
-2.5    659
-1.5    548
-0.5    488
0.5    468
1.5    403
2.5    325
3.5    331
4.5    274
5.5    234
6.5    212
7.5    202
8.5    199
9.5    183
10.5    146
11.5    136
12.5    114
13.5    105
14.5    71
15.5    54
16.5    49
17.5    43
18.5    33
19.5    24
20.5    19
21.5    23
22.5    16
23.5    7
24.5    8
25.5    9
26.5    3
27.5    6
28.5    6
29.5    0
30.5    4
