-38.5    4
-37.5    1
-36.5    4
-35.5    16
-34.5    11
-33.5    14
-32.5    19
-31.5    21
-30.5    30
-29.5    35
-28.5    37
-27.5    46
-26.5    53
-25.5    67
-24.5    90
-23.5    105
-22.5    110
-21.5    129
-20.5    156
-19.5    187
-18.5    218
-17.5    266
-16.5    281
-15.5    362
-14.5    390
-13.5    459
-12.5    518
-11.5    589
-10.5    731
-9.5    784
-8.5    819
-7.5    976
-6.5    1124
-5.5    1237
-4.5    1276
-3.5    1385
-2.5    1467
-1.5    1489
-0.5    1450
0.5    1461
1.5    1472
2.5    1424
3.5    1334
4.5    1283
5.5    1193
6.5    1120
7.5    932
8.5    921
9.5    784
10.5    693
11.5    515
12.5    450
13.5    351
14.5    280
15.5    219
16.5    181
17.5    142
18.5    91
19.5    80
20.5    52
21.5    50
22.5    30
23.5    25
24.5    18
25.5    12
26.5    2
27.5    3
28.5    0
29.5    0
30.5    0
