-38.5    13
-37.5    16
-36.5    23
-35.5    37
-34.5    54
-33.5    71
-32.5    102
-31.5    131
-30.5    155
-29.5    215
-28.5    296
-27.5    353
-26.5    442
-25.5    582
-24.5    651
-23.5    749
-22.5    911
-21.5    971
-20.5    1110
-19.5    1230
-18.5    1337
-17.5    1480
-16.5    1500
-15.5    1572
-14.5    1538
-13.5    1636
-12.5    1574
-11.5    1596
-10.5    1417
-9.5    1378
-8.5    1239
-7.5    1109
-6.5    1025
-5.5    871
-4.5    752
-3.5    668
-2.5    551
-1.5    476
-0.5    392
0.5    341
1.5    221
2.5    230
3.5    167
4.5    123
5.5    103
6.5    77
7.5    65
8.5    59
9.5    55
10.5    36
11.5    27
12.5    25
13.5    25
14.5    12
15.5    17
16.5    9
17.5    13
18.5    4
19.5    13
20.5    8
21.5    4
22.5    9
23.5    1
24.5    7
25.5    8
26.5    5
27.5    1
28.5    1
29.5    1
30.5    3
