-38.5    7
-37.5    13
-36.5    16
-35.5    36
-34.5    28
-33.5    58
-32.5    81
-31.5    121
-30.5    134
-29.5    166
-28.5    226
-27.5    266
-26.5    351
-25.5    381
-24.5    464
-23.5    510
-22.5    593
-21.5    759
-20.5    770
-19.5    917
-18.5    983
-17.5    1023
-16.5    1049
-15.5    1183
-14.5    1147
-13.5    1123
-12.5    1158
-11.5    1087
-10.5    1059
-9.5    1034
-8.5    1025
-7.5    969
-6.5    976
-5.5    908
-4.5    891
-3.5    788
-2.5    751
-1.5    804
-0.5    722
0.5    792
1.5    629
2.5    641
3.5    586
4.5    579
5.5    515
6.5    513
7.5    462
8.5    415
9.5    351
10.5    332
11.5    276
12.5    253
13.5    201
14.5    142
15.5    120
16.5    129
17.5    84
18.5    59
19.5    40
20.5    32
21.5    29
22.5    15
23.5    14
24.5    10
25.5    10
26.5    8
27.5    3
28.5    1
29.5    2
30.5    0
