-38.5    1
-37.5    2
-36.5    1
-35.5    0
-34.5    0
-33.5    0
-32.5    2
-31.5    1
-30.5    0
-29.5    1
-28.5    2
-27.5    1
-26.5    2
-25.5    1
-24.5    4
-23.5    7
-22.5    13
-21.5    17
-20.5    21
-19.5    39
-18.5    67
-17.5    90
-16.5    125
-15.5    183
-14.5    188
-13.5    284
-12.5    343
-11.5    499
-10.5    592
-9.5    717
-8.5    852
-7.5    1008
-6.5    1137
-5.5    1314
-4.5    1458
-3.5    1576
-2.5    1694
-1.5    1660
-0.5    1853
0.5    1913
1.5    1869
2.5    1694
3.5    1648
4.5    1504
5.5    1365
6.5    1229
7.5    1028
8.5    868
9.5    709
10.5    597
11.5    470
12.5    423
13.5    282
14.5    242
15.5    161
16.5    137
17.5    86
18.5    67
19.5    48
20.5    29
21.5    25
22.5    12
23.5    7
24.5    7
25.5    3
26.5    5
27.5    0
28.5    0
29.5    1
30.5    0
