-38.5    3
-37.5    5
-36.5    7
-35.5    12
-34.5    13
-33.5    19
-32.5    36
-31.5    49
-30.5    54
-29.5    84
-28.5    95
-27.5    155
-26.5    184
-25.5    191
-24.5    245
-23.5    257
-22.5    343
-21.5    346
-20.5    365
-19.5    427
-18.5    475
-17.5    517
-16.5    560
-15.5    571
-14.5    555
-13.5    573
-12.5    625
-11.5    652
-10.5    695
-9.5    777
-8.5    850
-7.5    895
-6.5    986
-5.5    1043
-4.5    1141
-3.5    1302
-2.5    1257
-1.5    1395
-0.5    1458
0.5    1366
1.5    1429
2.5    1296
3.5    1280
4.5    1213
5.5    1081
6.5    923
7.5    820
8.5    707
9.5    619
10.5    518
11.5    396
12.5    319
13.5    238
14.5    173
15.5    149
16.5    116
17.5    77
18.5    45
19.5    28
20.5    22
21.5    15
22.5    11
23.5    17
24.5    3
25.5    1
26.5    4
27.5    1
28.5    2
29.5    1
30.5    0
