-38.5    4
-37.5    5
-36.5    9
-35.5    17
-34.5    14
-33.5    24
-32.5    20
-31.5    43
-30.5    36
-29.5    69
-28.5    77
-27.5    80
-26.5    90
-25.5    136
-24.5    137
-23.5    188
-22.5    216
-21.5    216
-20.5    250
-19.5    252
-18.5    333
-17.5    357
-16.5    375
-15.5    442
-14.5    449
-13.5    534
-12.5    596
-11.5    680
-10.5    779
-9.5    792
-8.5    866
-7.5    951
-6.5    1041
-5.5    1096
-4.5    1271
-3.5    1236
-2.5    1278
-1.5    1287
-0.5    1373
0.5    1414
1.5    1414
2.5    1356
3.5    1250
4.5    1192
5.5    1095
6.5    1045
7.5    912
8.5    819
9.5    677
10.5    623
11.5    516
12.5    431
13.5    338
14.5    294
15.5    196
16.5    152
17.5    121
18.5    106
19.5    69
20.5    57
21.5    41
22.5    28
23.5    32
24.5    13
25.5    15
26.5    4
27.5    4
28.5    4
29.5    3
30.5    0
