-38.5    9
-37.5    15
-36.5    19
-35.5    34
-34.5    37
-33.5    65
-32.5    85
-31.5    108
-30.5    149
-29.5    163
-28.5    231
-27.5    287
-26.5    355
-25.5    388
-24.5    509
-23.5    517
-22.5    636
-21.5    770
-20.5    812
-19.5    959
-18.5    987
-17.5    1080
-16.5    1056
-15.5    1169
-14.5    1162
-13.5    1117
-12.5    1131
-11.5    1167
-10.5    1057
-9.5    1113
-8.5    1095
-7.5    962
-6.5    931
-5.5    889
-4.5    908
-3.5    830
-2.5    725
-1.5    792
-0.5    748
0.5    751
1.5    575
2.5    596
3.5    567
4.5    606
5.5    520
6.5    493
7.5    436
8.5    387
9.5    322
10.5    302
11.5    246
12.5    256
13.5    184
14.5    172
15.5    119
16.5    115
17.5    82
18.5    56
19.5    39
20.5    25
21.5    21
22.5    22
23.5    6
24.5    12
25.5    9
26.5    4
27.5    2
28.5    2
29.5    3
30.5    1
