-38.5    5
-37.5    5
-36.5    14
-35.5    22
-34.5    15
-33.5    32
-32.5    50
-31.5    48
-30.5    80
-29.5    135
-28.5    140
-27.5    176
-26.5    226
-25.5    251
-24.5    333
-23.5    382
-22.5    471
-21.5    542
-20.5    569
-19.5    619
-18.5    655
-17.5    716
-16.5    734
-15.5    720
-14.5    744
-13.5    790
-12.5    769
-11.5    774
-10.5    782
-9.5    815
-8.5    824
-7.5    838
-6.5    887
-5.5    968
-4.5    997
-3.5    1028
-2.5    1082
-1.5    1188
-0.5    1143
0.5    1134
1.5    1226
2.5    1081
3.5    1099
4.5    1051
5.5    970
6.5    820
7.5    750
8.5    609
9.5    577
10.5    493
11.5    376
12.5    319
13.5    238
14.5    183
15.5    152
16.5    121
17.5    62
18.5    66
19.5    42
20.5    37
21.5    16
22.5    13
23.5    6
24.5    7
25.5    4
26.5    1
27.5    0
28.5    1
29.5    0
30.5    1
