-38.5    5
-37.5    8
-36.5    10
-35.5    13
-34.5    20
-33.5    22
-32.5    29
-31.5    34
-30.5    48
-29.5    73
-28.5    89
-27.5    109
-26.5    132
-25.5    182
-24.5    190
-23.5    222
-22.5    254
-21.5    287
-20.5    286
-19.5    318
-18.5    384
-17.5    452
-16.5    440
-15.5    494
-14.5    567
-13.5    648
-12.5    636
-11.5    712
-10.5    741
-9.5    767
-8.5    843
-7.5    956
-6.5    1063
-5.5    1138
-4.5    1178
-3.5    1251
-2.5    1241
-1.5    1276
-0.5    1329
0.5    1337
1.5    1234
2.5    1295
3.5    1246
4.5    1072
5.5    1059
6.5    944
7.5    832
8.5    763
9.5    661
10.5    575
11.5    506
12.5    435
13.5    311
14.5    262
15.5    206
16.5    156
17.5    126
18.5    98
19.5    77
20.5    64
21.5    26
22.5    34
23.5    24
24.5    13
25.5    12
26.5    10
27.5    4
28.5    7
29.5    2
30.5    4
