-38.5    2
-37.5    5
-36.5    9
-35.5    11
-34.5    13
-33.5    22
-32.5    20
-31.5    41
-30.5    52
-29.5    73
-28.5    83
-27.5    114
-26.5    130
-25.5    154
-24.5    193
-23.5    223
-22.5    285
-21.5    278
-20.5    328
-19.5    356
-18.5    391
-17.5    456
-16.5    463
-15.5    480
-14.5    514
-13.5    535
-12.5    578
-11.5    598
-10.5    683
-9.5    723
-8.5    833
-7.5    919
-6.5    1042
-5.5    1119
-4.5    1188
-3.5    1378
-2.5    1308
-1.5    1481
-0.5    1503
0.5    1443
1.5    1470
2.5    1425
3.5    1298
4.5    1215
5.5    1136
6.5    993
7.5    862
8.5    733
9.5    664
10.5    546
11.5    411
12.5    327
13.5    267
14.5    194
15.5    140
16.5    102
17.5    68
18.5    50
19.5    29
20.5    26
21.5    14
22.5    13
23.5    14
24.5    7
25.5    2
26.5    6
27.5    4
28.5    2
29.5    0
30.5    0
