-38.5    14
-37.5    19
-36.5    24
-35.5    31
-34.5    45
-33.5    66
-32.5    111
-31.5    119
-30.5    165
-29.5    221
-28.5    271
-27.5    348
-26.5    438
-25.5    484
-24.5    579
-23.5    683
-22.5    794
-21.5    911
-20.5    1027
-19.5    1119
-18.5    1223
-17.5    1319
-16.5    1336
-15.5    1407
-14.5    1510
-13.5    1446
-12.5    1441
-11.5    1461
-10.5    1535
-9.5    1471
-8.5    1455
-7.5    1506
-6.5    1362
-5.5    1389
-4.5    1386
-3.5    1389
-2.5    1341
-1.5    1339
-0.5    1348
0.5    1297
1.5    1271
2.5    1289
3.5    1197
4.5    1097
5.5    1071
6.5    949
7.5    888
8.5    821
9.5    719
10.5    550
11.5    565
12.5    442
13.5    366
14.5    323
15.5    226
16.5    161
17.5    156
18.5    106
19.5    106
20.5    67
21.5    54
22.5    34
23.5    30
24.5    24
25.5    15
26.5    10
27.5    12
28.5    3
29.5    5
30.5    4
