-38.5    8
-37.5    16
-36.5    13
-35.5    29
-34.5    34
-33.5    32
-32.5    50
-31.5    68
-30.5    80
-29.5    115
-28.5    157
-27.5    184
-26.5    201
-25.5    230
-24.5    310
-23.5    387
-22.5    386
-21.5    489
-20.5    476
-19.5    547
-18.5    600
-17.5    650
-16.5    658
-15.5    754
-14.5    812
-13.5    738
-12.5    823
-11.5    775
-10.5    859
-9.5    856
-8.5    863
-7.5    950
-6.5    950
-5.5    978
-4.5    1005
-3.5    1048
-2.5    1081
-1.5    1122
-0.5    1128
0.5    1106
1.5    1074
2.5    1094
3.5    1042
4.5    920
5.5    887
6.5    823
7.5    758
8.5    624
9.5    562
10.5    536
11.5    402
12.5    360
13.5    286
14.5    246
15.5    195
16.5    139
17.5    127
18.5    93
19.5    72
20.5    58
21.5    33
22.5    35
23.5    21
24.5    22
25.5    24
26.5    8
27.5    3
28.5    2
29.5    1
30.5    3
