-38.5    0
-37.5    0
-36.5    0
-35.5    0
-34.5    0
-33.5    0
-32.5    1
-31.5    0
-30.5    1
-29.5    1
-28.5    2
-27.5    0
-26.5    4
-25.5    1
-24.5    1
-23.5    15
-22.5    11
-21.5    17
-20.5    24
-19.5    44
-18.5    58
-17.5    69
-16.5    124
-15.5    152
-14.5    228
-13.5    274
-12.5    354
-11.5    469
-10.5    517
-9.5    743
-8.5    877
-7.5    1024
-6.5    1170
-5.5    1347
-4.5    1497
-3.5    1561
-2.5    1636
-1.5    1776
-0.5    1839
0.5    1861
1.5    1726
2.5    1648
3.5    1561
4.5    1457
5.5    1386
6.5    1207
7.5    1004
8.5    899
9.5    770
10.5    623
11.5    473
12.5    386
13.5    318
14.5    240
15.5    151
16.5    124
17.5    110
18.5    56
19.5    48
20.5    33
21.5    19
22.5    12
23.5    10
24.5    3
25.5    7
26.5    1
27.5    1
28.5    1
29.5    0
30.5    0
