-38.5    5
-37.5    8
-36.5    13
-35.5    18
-34.5    30
-33.5    26
-32.5    49
-31.5    71
-30.5    101
-29.5    109
-28.5    171
-27.5    198
-26.5    279
-25.5    319
-24.5    405
-23.5    460
-22.5    521
-21.5    621
-20.5    647
-19.5    802
-18.5    790
-17.5    872
-16.5    887
-15.5    893
-14.5    917
-13.5    938
-12.5    939
-11.5    906
-10.5    841
-9.5    812
-8.5    861
-7.5    782
-6.5    841
-5.5    779
-4.5    835
-3.5    819
-2.5    948
-1.5    953
-0.5    943
0.5    993
1.5    990
2.5    926
3.5    914
4.5    849
5.5    796
6.5    775
7.5    700
8.5    636
9.5    522
10.5    492
11.5    361
12.5    318
13.5    254
14.5    190
15.5    159
16.5    107
17.5    98
18.5    56
19.5    63
20.5    36
21.5    30
22.5    18
23.5    13
24.5    6
25.5    1
26.5    4
27.5    1
28.5    1
29.5    1
30.5    0
