-38.5    4
-37.5    1
-36.5    3
-35.5    4
-34.5    7
-33.5    7
-32.5    6
-31.5    8
-30.5    16
-29.5    16
-28.5    16
-27.5    26
-26.5    45
-25.5    45
-24.5    52
-23.5    74
-22.5    74
-21.5    71
-20.5    103
-19.5    116
-18.5    138
-17.5    202
-16.5    230
-15.5    292
-14.5    344
-13.5    399
-12.5    517
-11.5    607
-10.5    644
-9.5    755
-8.5    930
-7.5    946
-6.5    1167
-5.5    1188
-4.5    1372
-3.5    1382
-2.5    1546
-1.5    1495
-0.5    1513
0.5    1641
1.5    1558
2.5    1539
3.5    1498
4.5    1308
5.5    1182
6.5    1099
7.5    1036
8.5    886
9.5    748
10.5    643
11.5    561
12.5    471
13.5    397
14.5    292
15.5    236
16.5    190
17.5    132
18.5    119
19.5    73
20.5    60
21.5    45
22.5    25
23.5    33
24.5    18
25.5    14
26.5    6
27.5    5
28.5    4
29.5    6
30.5    1
