-38.5    4
-37.5    4
-36.5    13
-35.5    14
-34.5    18
-33.5    36
-32.5    46
-31.5    62
-30.5    103
-29.5    118
-28.5    161
-27.5    210
-26.5    261
-25.5    362
-24.5    420
-23.5    525
-22.5    592
-21.5    704
-20.5    743
-19.5    803
-18.5    964
-17.5    1025
-16.5    1032
-15.5    1086
-14.5    1168
-13.5    1118
-12.5    1069
-11.5    1079
-10.5    1007
-9.5    966
-8.5    876
-7.5    856
-6.5    833
-5.5    792
-4.5    719
-3.5    783
-2.5    759
-1.5    703
-0.5    746
0.5    747
1.5    820
2.5    754
3.5    785
4.5    691
5.5    722
6.5    692
7.5    639
8.5    601
9.5    537
10.5    444
11.5    393
12.5    333
13.5    262
14.5    213
15.5    158
16.5    134
17.5    115
18.5    82
19.5    61
20.5    39
21.5    35
22.5    16
23.5    12
24.5    7
25.5    6
26.5    5
27.5    1
28.5    1
29.5    0
30.5    0
