-38.5    14
-37.5    17
-36.5    19
-35.5    40
-34.5    45
-33.5    69
-32.5    102
-31.5    149
-30.5    172
-29.5    243
-28.5    289
-27.5    309
-26.5    442
-25.5    540
-24.5    610
-23.5    750
-22.5    818
-21.5    1016
-20.5    1074
-19.5    1237
-18.5    1302
-17.5    1371
-16.5    1500
-15.5    1580
-14.5    1516
-13.5    1546
-12.5    1535
-11.5    1547
-10.5    1454
-9.5    1333
-8.5    1285
-7.5    1168
-6.5    1022
-5.5    832
-4.5    767
-3.5    649
-2.5    551
-1.5    465
-0.5    370
0.5    366
1.5    287
2.5    246
3.5    188
4.5    165
5.5    133
6.5    118
7.5    81
8.5    78
9.5    70
10.5    50
11.5    41
12.5    50
13.5    24
14.5    27
15.5    24
16.5    21
17.5    19
18.5    13
19.5    10
20.5    16
21.5    10
22.5    10
23.5    4
24.5    7
25.5    2
26.5    7
27.5    5
28.5    4
29.5    1
30.5    3
