-38.5    4
-37.5    7
-36.5    9
-35.5    18
-34.5    29
-33.5    44
-32.5    51
-31.5    91
-30.5    138
-29.5    154
-28.5    198
-27.5    297
-26.5    394
-25.5    478
-24.5    624
-23.5    708
-22.5    886
-21.5    1006
-20.5    1162
-19.5    1437
-18.5    1432
-17.5    1578
-16.5    1633
-15.5    1754
-14.5    1819
-13.5    1763
-12.5    1705
-11.5    1703
-10.5    1538
-9.5    1493
-8.5    1280
-7.5    1172
-6.5    1010
-5.5    861
-4.5    783
-3.5    576
-2.5    480
-1.5    380
-0.5    312
0.5    225
1.5    153
2.5    142
3.5    93
4.5    56
5.5    48
6.5    33
7.5    23
8.5    16
9.5    16
10.5    7
11.5    9
12.5    8
13.5    8
14.5    9
15.5    6
16.5    3
17.5    5
18.5    3
19.5    5
20.5    2
21.5    5
22.5    4
23.5    3
24.5    1
25.5    2
26.5    4
27.5    0
28.5    1
29.5    0
30.5    1
