-38.5    12
-37.5    15
-36.5    31
-35.5    47
-34.5    52
-33.5    67
-32.5    113
-31.5    130
-30.5    157
-29.5    210
-28.5    296
-27.5    334
-26.5    430
-25.5    549
-24.5    678
-23.5    772
-22.5    797
-21.5    970
-20.5    1051
-19.5    1170
-18.5    1297
-17.5    1371
-16.5    1430
-15.5    1435
-14.5    1476
-13.5    1463
-12.5    1490
-11.5    1394
-10.5    1380
-9.5    1373
-8.5    1167
-7.5    1095
-6.5    993
-5.5    899
-4.5    774
-3.5    691
-2.5    643
-1.5    541
-0.5    438
0.5    402
1.5    328
2.5    278
3.5    253
4.5    216
5.5    186
6.5    177
7.5    156
8.5    118
9.5    122
10.5    68
11.5    84
12.5    88
13.5    79
14.5    50
15.5    48
16.5    32
17.5    37
18.5    20
19.5    22
20.5    16
21.5    11
22.5    13
23.5    6
24.5    10
25.5    6
26.5    5
27.5    2
28.5    1
29.5    0
30.5    1
