-38.5    5
-37.5    16
-36.5    18
-35.5    40
-34.5    47
-33.5    68
-32.5    90
-31.5    124
-30.5    156
-29.5    206
-28.5    273
-27.5    315
-26.5    339
-25.5    466
-24.5    577
-23.5    606
-22.5    749
-21.5    845
-20.5    967
-19.5    1077
-18.5    1149
-17.5    1226
-16.5    1227
-15.5    1335
-14.5    1341
-13.5    1380
-12.5    1334
-11.5    1304
-10.5    1288
-9.5    1210
-8.5    1125
-7.5    1055
-6.5    918
-5.5    932
-4.5    747
-3.5    795
-2.5    686
-1.5    629
-0.5    558
0.5    506
1.5    458
2.5    441
3.5    378
4.5    342
5.5    331
6.5    321
7.5    296
8.5    252
9.5    227
10.5    231
11.5    173
12.5    162
13.5    121
14.5    103
15.5    81
16.5    60
17.5    54
18.5    50
19.5    34
20.5    27
21.5    11
22.5    12
23.5    10
24.5    7
25.5    3
26.5    4
27.5    4
28.5    1
29.5    1
30.5    2
