-38.5    10
-37.5    12
-36.5    21
-35.5    17
-34.5    31
-33.5    44
-32.5    52
-31.5    64
-30.5    88
-29.5    107
-28.5    127
-27.5    177
-26.5    217
-25.5    249
-24.5    296
-23.5    399
-22.5    398
-21.5    452
-20.5    479
-19.5    587
-18.5    602
-17.5    673
-16.5    717
-15.5    790
-14.5    855
-13.5    997
-12.5    1005
-11.5    1125
-10.5    1097
-9.5    1160
-8.5    1319
-7.5    1475
-6.5    1524
-5.5    1635
-4.5    1760
-3.5    1863
-2.5    1839
-1.5    1891
-0.5    1884
0.5    1916
1.5    1836
2.5    1939
3.5    1716
4.5    1603
5.5    1554
6.5    1414
7.5    1214
8.5    1208
9.5    990
10.5    845
11.5    713
12.5    654
13.5    473
14.5    404
15.5    330
16.5    229
17.5    172
18.5    140
19.5    105
20.5    84
21.5    51
22.5    60
23.5    38
24.5    17
25.5    16
26.5    16
27.5    3
28.5    10
29.5    2
30.5    7
