-38.5    0
-37.5    0
-36.5    0
-35.5    0
-34.5    0
-33.5    0
-32.5    0
-31.5    1
-30.5    0
-29.5    0
-28.5    0
-27.5    1
-26.5    0
-25.5    2
-24.5    6
-23.5    5
-22.5    11
-21.5    22
-20.5    22
-19.5    33
-18.5    47
-17.5    101
-16.5    127
-15.5    166
-14.5    179
-13.5    284
-12.5    350
-11.5    454
-10.5    568
-9.5    697
-8.5    883
-7.5    986
-6.5    1203
-5.5    1364
-4.5    1435
-3.5    1660
-2.5    1716
-1.5    1801
-0.5    1782
0.5    1876
1.5    1868
2.5    1658
3.5    1613
4.5    1484
5.5    1389
6.5    1156
7.5    1031
8.5    917
9.5    749
10.5    596
11.5    455
12.5    371
13.5    289
14.5    224
15.5    169
16.5    131
17.5    78
18.5    65
19.5    39
20.5    33
21.5    15
22.5    20
23.5    8
24.5    5
25.5    3
26.5    2
27.5    1
28.5    3
29.5    4
30.5    0
