-38.5    11
-37.5    17
-36.5    13
-35.5    25
-34.5    31
-33.5    34
-32.5    77
-31.5    59
-30.5    99
-29.5    144
-28.5    149
-27.5    232
-26.5    268
-25.5    293
-24.5    383
-23.5    442
-22.5    504
-21.5    587
-20.5    586
-19.5    676
-18.5    765
-17.5    797
-16.5    841
-15.5    868
-14.5    987
-13.5    1017
-12.5    935
-11.5    966
-10.5    974
-9.5    957
-8.5    931
-7.5    999
-6.5    941
-5.5    910
-4.5    969
-3.5    977
-2.5    933
-1.5    917
-0.5    941
0.5    936
1.5    911
2.5    919
3.5    874
4.5    779
5.5    755
6.5    658
7.5    644
8.5    551
9.5    528
10.5    413
11.5    382
12.5    317
13.5    276
14.5    203
15.5    180
16.5    116
17.5    99
18.5    77
19.5    93
20.5    57
21.5    30
22.5    12
23.5    17
24.5    13
25.5    8
26.5    9
27.5    16
28.5    5
29.5    3
30.5    3
