-38.5    1
-37.5    0
-36.5    0
-35.5    1
-34.5    1
-33.5    0
-32.5    1
-31.5    3
-30.5    2
-29.5    4
-28.5    3
-27.5    4
-26.5    9
-25.5    12
-24.5    11
-23.5    14
-22.5    28
-21.5    23
-20.5    33
-19.5    48
-18.5    54
-17.5    106
-16.5    122
-15.5    194
-14.5    204
-13.5    298
-12.5    366
-11.5    454
-10.5    572
-9.5    718
-8.5    847
-7.5    1029
-6.5    1187
-5.5    1249
-4.5    1531
-3.5    1571
-2.5    1632
-1.5    1697
-0.5    1720
0.5    1762
1.5    1760
2.5    1677
3.5    1592
4.5    1464
5.5    1352
6.5    1174
7.5    1045
8.5    903
9.5    741
10.5    574
11.5    507
12.5    369
13.5    294
14.5    240
15.5    147
16.5    104
17.5    101
18.5    53
19.5    51
20.5    32
21.5    15
22.5    15
23.5    14
24.5    6
25.5    4
26.5    4
27.5    1
28.5    0
29.5    1
30.5    2
