-38.5    3
-37.5    3
-36.5    9
-35.5    10
-34.5    12
-33.5    12
-32.5    19
-31.5    22
-30.5    35
-29.5    36
-28.5    52
-27.5    43
-26.5    63
-25.5    104
-24.5    111
-23.5    148
-22.5    145
-21.5    177
-20.5    208
-19.5    229
-18.5    283
-17.5    392
-16.5    372
-15.5    505
-14.5    537
-13.5    625
-12.5    743
-11.5    885
-10.5    1070
-9.5    1208
-8.5    1227
-7.5    1513
-6.5    1642
-5.5    1837
-4.5    1975
-3.5    2079
-2.5    2183
-1.5    2199
-0.5    2203
0.5    2232
1.5    2227
2.5    2297
3.5    2057
4.5    1931
5.5    1794
6.5    1588
7.5    1425
8.5    1290
9.5    1108
10.5    990
11.5    822
12.5    696
13.5    558
14.5    422
15.5    338
16.5    258
17.5    198
18.5    138
19.5    134
20.5    65
21.5    71
22.5    51
23.5    31
24.5    22
25.5    14
26.5    8
27.5    8
28.5    1
29.5    1
30.5    1
