-38.5    13
-37.5    15
-36.5    20
-35.5    28
-34.5    42
-33.5    65
-32.5    83
-31.5    98
-30.5    150
-29.5    178
-28.5    243
-27.5    285
-26.5    382
-25.5    408
-24.5    513
-23.5    545
-22.5    672
-21.5    767
-20.5    828
-19.5    1006
-18.5    977
-17.5    1105
-16.5    1067
-15.5    1129
-14.5    1213
-13.5    1179
-12.5    1117
-11.5    1279
-10.5    1058
-9.5    1088
-8.5    1129
-7.5    962
-6.5    929
-5.5    878
-4.5    858
-3.5    811
-2.5    755
-1.5    722
-0.5    726
0.5    686
1.5    596
2.5    590
3.5    543
4.5    573
5.5    503
6.5    485
7.5    419
8.5    375
9.5    292
10.5    286
11.5    236
12.5    222
13.5    169
14.5    170
15.5    122
16.5    96
17.5    91
18.5    57
19.5    40
20.5    26
21.5    24
22.5    27
23.5    5
24.5    12
25.5    6
26.5    2
27.5    3
28.5    3
29.5    2
30.5    2
