-38.5    10
-37.5    9
-36.5    19
-35.5    29
-34.5    36
-33.5    50
-32.5    87
-31.5    124
-30.5    206
-29.5    231
-28.5    296
-27.5    468
-26.5    614
-25.5    675
-24.5    925
-23.5    1037
-22.5    1318
-21.5    1495
-20.5    1787
-19.5    2051
-18.5    2193
-17.5    2425
-16.5    2496
-15.5    2640
-14.5    2699
-13.5    2694
-12.5    2640
-11.5    2555
-10.5    2369
-9.5    2239
-8.5    1973
-7.5    1732
-6.5    1574
-5.5    1277
-4.5    1140
-3.5    875
-2.5    702
-1.5    567
-0.5    434
0.5    331
1.5    245
2.5    191
3.5    136
4.5    99
5.5    73
6.5    51
7.5    44
8.5    20
9.5    22
10.5    20
11.5    10
12.5    8
13.5    9
14.5    11
15.5    11
16.5    11
17.5    11
18.5    13
19.5    7
20.5    4
21.5    6
22.5    6
23.5    8
24.5    6
25.5    1
26.5    0
27.5    0
28.5    3
29.5    1
30.5    2
