-38.5    3
-37.5    4
-36.5    6
-35.5    11
-34.5    17
-33.5    23
-32.5    29
-31.5    46
-30.5    45
-29.5    63
-28.5    83
-27.5    95
-26.5    120
-25.5    170
-24.5    172
-23.5    172
-22.5    240
-21.5    264
-20.5    283
-19.5    307
-18.5    362
-17.5    443
-16.5    452
-15.5    450
-14.5    556
-13.5    589
-12.5    615
-11.5    673
-10.5    699
-9.5    789
-8.5    857
-7.5    974
-6.5    1075
-5.5    1136
-4.5    1184
-3.5    1259
-2.5    1277
-1.5    1304
-0.5    1363
0.5    1388
1.5    1300
2.5    1325
3.5    1272
4.5    1157
5.5    1050
6.5    943
7.5    847
8.5    752
9.5    661
10.5    572
11.5    495
12.5    415
13.5    345
14.5    298
15.5    195
16.5    154
17.5    122
18.5    96
19.5    79
20.5    66
21.5    30
22.5    30
23.5    24
24.5    14
25.5    15
26.5    4
27.5    6
28.5    4
29.5    3
30.5    0
