-38.5    1
-37.5    0
-36.5    0
-35.5    0
-34.5    1
-33.5    0
-32.5    1
-31.5    1
-30.5    0
-29.5    1
-28.5    3
-27.5    1
-26.5    2
-25.5    1
-24.5    2
-23.5    7
-22.5    7
-21.5    17
-20.5    37
-19.5    50
-18.5    59
-17.5    97
-16.5    106
-15.5    146
-14.5    180
-13.5    308
-12.5    343
-11.5    462
-10.5    560
-9.5    698
-8.5    835
-7.5    1003
-6.5    1169
-5.5    1306
-4.5    1462
-3.5    1607
-2.5    1726
-1.5    1810
-0.5    1879
0.5    1857
1.5    1912
2.5    1688
3.5    1700
4.5    1493
5.5    1347
6.5    1118
7.5    1000
8.5    845
9.5    788
10.5    597
11.5    481
12.5    401
13.5    318
14.5    236
15.5    158
16.5    123
17.5    89
18.5    67
19.5    51
20.5    23
21.5    31
22.5    16
23.5    8
24.5    5
25.5    7
26.5    3
27.5    2
28.5    1
29.5    2
30.5    1
