-38.5    5
-37.5    14
-36.5    8
-35.5    21
-34.5    17
-33.5    29
-32.5    41
-31.5    52
-30.5    68
-29.5    105
-28.5    128
-27.5    175
-26.5    198
-25.5    229
-24.5    327
-23.5    340
-22.5    446
-21.5    485
-20.5    501
-19.5    556
-18.5    603
-17.5    683
-16.5    662
-15.5    663
-14.5    683
-13.5    733
-12.5    711
-11.5    693
-10.5    739
-9.5    767
-8.5    824
-7.5    864
-6.5    904
-5.5    953
-4.5    1025
-3.5    1117
-2.5    1108
-1.5    1254
-0.5    1242
0.5    1262
1.5    1243
2.5    1159
3.5    1125
4.5    1055
5.5    1022
6.5    899
7.5    778
8.5    666
9.5    591
10.5    511
11.5    376
12.5    332
13.5    246
14.5    177
15.5    166
16.5    100
17.5    83
18.5    65
19.5    35
20.5    37
21.5    21
22.5    13
23.5    6
24.5    5
25.5    4
26.5    0
27.5    1
28.5    2
29.5    0
30.5    0
