-38.5    0
-37.5    0
-36.5    0
-35.5    1
-34.5    0
-33.5    0
-32.5    0
-31.5    0
-30.5    0
-29.5    0
-28.5    1
-27.5    3
-26.5    3
-25.5    4
-24.5    7
-23.5    7
-22.5    9
-21.5    22
-20.5    23
-19.5    54
-18.5    53
-17.5    89
-16.5    111
-15.5    176
-14.5    202
-13.5    292
-12.5    390
-11.5    479
-10.5    572
-9.5    689
-8.5    804
-7.5    968
-6.5    1159
-5.5    1293
-4.5    1476
-3.5    1599
-2.5    1671
-1.5    1778
-0.5    1859
0.5    1819
1.5    1785
2.5    1842
3.5    1619
4.5    1489
5.5    1370
6.5    1198
7.5    990
8.5    812
9.5    752
10.5    569
11.5    512
12.5    368
13.5    296
14.5    229
15.5    170
16.5    113
17.5    78
18.5    54
19.5    35
20.5    27
21.5    20
22.5    13
23.5    8
24.5    6
25.5    8
26.5    1
27.5    1
28.5    0
29.5    2
30.5    3
