-38.5    3
-37.5    10
-36.5    10
-35.5    16
-34.5    23
-33.5    29
-32.5    44
-31.5    61
-30.5    79
-29.5    123
-28.5    162
-27.5    208
-26.5    269
-25.5    333
-24.5    403
-23.5    465
-22.5    575
-21.5    681
-20.5    722
-19.5    777
-18.5    885
-17.5    970
-16.5    978
-15.5    960
-14.5    1092
-13.5    1027
-12.5    1037
-11.5    1004
-10.5    943
-9.5    893
-8.5    884
-7.5    818
-6.5    834
-5.5    772
-4.5    821
-3.5    813
-2.5    786
-1.5    751
-0.5    817
0.5    884
1.5    833
2.5    895
3.5    811
4.5    798
5.5    797
6.5    729
7.5    645
8.5    623
9.5    500
10.5    441
11.5    428
12.5    376
13.5    270
14.5    193
15.5    153
16.5    138
17.5    96
18.5    93
19.5    56
20.5    36
21.5    26
22.5    25
23.5    23
24.5    11
25.5    10
26.5    0
27.5    1
28.5    3
29.5    1
30.5    4
