-38.5    3
-37.5    9
-36.5    9
-35.5    11
-34.5    23
-33.5    37
-32.5    53
-31.5    66
-30.5    94
-29.5    121
-28.5    148
-27.5    252
-26.5    314
-25.5    432
-24.5    449
-23.5    596
-22.5    640
-21.5    877
-20.5    924
-19.5    1043
-18.5    1174
-17.5    1247
-16.5    1369
-15.5    1404
-14.5    1469
-13.5    1404
-12.5    1352
-11.5    1317
-10.5    1241
-9.5    1182
-8.5    1074
-7.5    914
-6.5    924
-5.5    806
-4.5    737
-3.5    658
-2.5    618
-1.5    570
-0.5    508
0.5    518
1.5    474
2.5    461
3.5    442
4.5    414
5.5    421
6.5    374
7.5    374
8.5    338
9.5    311
10.5    278
11.5    254
12.5    229
13.5    175
14.5    129
15.5    110
16.5    73
17.5    69
18.5    48
19.5    40
20.5    28
21.5    22
22.5    14
23.5    9
24.5    7
25.5    6
26.5    3
27.5    2
28.5    2
29.5    1
30.5    0
