-38.5    5
-37.5    8
-36.5    13
-35.5    7
-34.5    25
-33.5    32
-32.5    64
-31.5    66
-30.5    104
-29.5    142
-28.5    176
-27.5    257
-26.5    367
-25.5    407
-24.5    518
-23.5    615
-22.5    791
-21.5    856
-20.5    1080
-19.5    1159
-18.5    1285
-17.5    1403
-16.5    1518
-15.5    1603
-14.5    1615
-13.5    1622
-12.5    1534
-11.5    1522
-10.5    1413
-9.5    1369
-8.5    1248
-7.5    1099
-6.5    957
-5.5    903
-4.5    741
-3.5    636
-2.5    552
-1.5    493
-0.5    405
0.5    378
1.5    325
2.5    320
3.5    319
4.5    266
5.5    245
6.5    272
7.5    228
8.5    180
9.5    196
10.5    140
11.5    148
12.5    117
13.5    107
14.5    95
15.5    72
16.5    67
17.5    42
18.5    21
19.5    29
20.5    11
21.5    15
22.5    7
23.5    7
24.5    6
25.5    6
26.5    1
27.5    0
28.5    1
29.5    1
30.5    0
