-38.5    5
-37.5    13
-36.5    6
-35.5    15
-34.5    15
-33.5    22
-32.5    40
-31.5    53
-30.5    57
-29.5    88
-28.5    105
-27.5    168
-26.5    202
-25.5    229
-24.5    278
-23.5    303
-22.5    400
-21.5    403
-20.5    410
-19.5    485
-18.5    541
-17.5    591
-16.5    613
-15.5    624
-14.5    633
-13.5    661
-12.5    676
-11.5    664
-10.5    692
-9.5    752
-8.5    847
-7.5    870
-6.5    954
-5.5    970
-4.5    1090
-3.5    1220
-2.5    1223
-1.5    1306
-0.5    1360
0.5    1359
1.5    1280
2.5    1209
3.5    1226
4.5    1103
5.5    1048
6.5    907
7.5    814
8.5    721
9.5    606
10.5    495
11.5    390
12.5    306
13.5    224
14.5    171
15.5    146
16.5    95
17.5    100
18.5    58
19.5    33
20.5    30
21.5    20
22.5    12
23.5    9
24.5    1
25.5    4
26.5    2
27.5    1
28.5    1
29.5    1
30.5    0
