-38.5    12
-37.5    10
-36.5    13
-35.5    15
-34.5    35
-33.5    50
-32.5    59
-31.5    71
-30.5    87
-29.5    119
-28.5    150
-27.5    192
-26.5    243
-25.5    307
-24.5    340
-23.5    397
-22.5    459
-21.5    504
-20.5    599
-19.5    637
-18.5    739
-17.5    743
-16.5    771
-15.5    847
-14.5    902
-13.5    880
-12.5    865
-11.5    907
-10.5    915
-9.5    900
-8.5    961
-7.5    903
-6.5    963
-5.5    967
-4.5    997
-3.5    1025
-2.5    1021
-1.5    995
-0.5    999
0.5    1017
1.5    951
2.5    960
3.5    932
4.5    843
5.5    755
6.5    740
7.5    651
8.5    597
9.5    541
10.5    474
11.5    359
12.5    337
13.5    259
14.5    222
15.5    166
16.5    125
17.5    123
18.5    95
19.5    69
20.5    56
21.5    39
22.5    19
23.5    20
24.5    12
25.5    6
26.5    5
27.5    6
28.5    2
29.5    2
30.5    4
