-38.5    11
-37.5    13
-36.5    31
-35.5    33
-34.5    38
-33.5    68
-32.5    80
-31.5    133
-30.5    189
-29.5    220
-28.5    296
-27.5    337
-26.5    399
-25.5    452
-24.5    614
-23.5    726
-22.5    823
-21.5    881
-20.5    1025
-19.5    1174
-18.5    1238
-17.5    1270
-16.5    1395
-15.5    1404
-14.5    1480
-13.5    1529
-12.5    1435
-11.5    1339
-10.5    1257
-9.5    1244
-8.5    1185
-7.5    1138
-6.5    988
-5.5    845
-4.5    811
-3.5    685
-2.5    603
-1.5    533
-0.5    459
0.5    365
1.5    346
2.5    283
3.5    267
4.5    220
5.5    209
6.5    187
7.5    175
8.5    172
9.5    147
10.5    118
11.5    107
12.5    96
13.5    97
14.5    73
15.5    55
16.5    39
17.5    45
18.5    34
19.5    22
20.5    19
21.5    13
22.5    11
23.5    8
24.5    10
25.5    3
26.5    1
27.5    3
28.5    3
29.5    2
30.5    3
