-38.5    1
-37.5    0
-36.5    2
-35.5    4
-34.5    2
-33.5    4
-32.5    6
-31.5    5
-30.5    14
-29.5    13
-28.5    11
-27.5    13
-26.5    24
-25.5    31
-24.5    41
-23.5    40
-22.5    53
-21.5    73
-20.5    88
-19.5    114
-18.5    135
-17.5    181
-16.5    194
-15.5    262
-14.5    341
-13.5    376
-12.5    486
-11.5    564
-10.5    653
-9.5    761
-8.5    875
-7.5    951
-6.5    1139
-5.5    1248
-4.5    1379
-3.5    1430
-2.5    1462
-1.5    1561
-0.5    1624
0.5    1577
1.5    1592
2.5    1519
3.5    1447
4.5    1417
5.5    1277
6.5    1194
7.5    991
8.5    950
9.5    795
10.5    679
11.5    549
12.5    458
13.5    380
14.5    289
15.5    215
16.5    199
17.5    132
18.5    102
19.5    76
20.5    74
21.5    42
22.5    26
23.5    19
24.5    21
25.5    9
26.5    3
27.5    5
28.5    0
29.5    2
30.5    1
