-38.5    2
-37.5    11
-36.5    10
-35.5    14
-34.5    31
-33.5    44
-32.5    50
-31.5    102
-30.5    117
-29.5    166
-28.5    261
-27.5    326
-26.5    364
-25.5    473
-24.5    633
-23.5    712
-22.5    889
-21.5    972
-20.5    1163
-19.5    1223
-18.5    1470
-17.5    1609
-16.5    1692
-15.5    1759
-14.5    1786
-13.5    1827
-12.5    1729
-11.5    1665
-10.5    1547
-9.5    1455
-8.5    1382
-7.5    1149
-6.5    1037
-5.5    827
-4.5    762
-3.5    593
-2.5    482
-1.5    389
-0.5    316
0.5    199
1.5    162
2.5    127
3.5    91
4.5    71
5.5    50
6.5    26
7.5    24
8.5    20
9.5    10
10.5    16
11.5    13
12.5    7
13.5    14
14.5    3
15.5    6
16.5    5
17.5    7
18.5    0
19.5    4
20.5    3
21.5    4
22.5    2
23.5    0
24.5    1
25.5    2
26.5    1
27.5    0
28.5    0
29.5    0
30.5    1
