-38.5    7
-37.5    6
-36.5    12
-35.5    24
-34.5    29
-33.5    49
-32.5    66
-31.5    79
-30.5    118
-29.5    147
-28.5    190
-27.5    287
-26.5    359
-25.5    423
-24.5    580
-23.5    712
-22.5    891
-21.5    1001
-20.5    1172
-19.5    1315
-18.5    1472
-17.5    1584
-16.5    1707
-15.5    1806
-14.5    1767
-13.5    1791
-12.5    1786
-11.5    1772
-10.5    1577
-9.5    1449
-8.5    1329
-7.5    1157
-6.5    980
-5.5    876
-4.5    744
-3.5    660
-2.5    487
-1.5    388
-0.5    292
0.5    208
1.5    174
2.5    117
3.5    84
4.5    56
5.5    52
6.5    29
7.5    31
8.5    8
9.5    12
10.5    9
11.5    4
12.5    6
13.5    7
14.5    4
15.5    7
16.5    2
17.5    6
18.5    4
19.5    7
20.5    3
21.5    3
22.5    8
23.5    4
24.5    1
25.5    9
26.5    5
27.5    2
28.5    5
29.5    3
30.5    7
