-38.5    4
-37.5    8
-36.5    12
-35.5    12
-34.5    23
-33.5    31
-32.5    51
-31.5    63
-30.5    89
-29.5    120
-28.5    172
-27.5    238
-26.5    281
-25.5    353
-24.5    428
-23.5    514
-22.5    588
-21.5    743
-20.5    776
-19.5    842
-18.5    1028
-17.5    1060
-16.5    1108
-15.5    1093
-14.5    1162
-13.5    1196
-12.5    1135
-11.5    1046
-10.5    1038
-9.5    983
-8.5    900
-7.5    852
-6.5    817
-5.5    777
-4.5    700
-3.5    725
-2.5    710
-1.5    674
-0.5    706
0.5    690
1.5    767
2.5    757
3.5    738
4.5    649
5.5    657
6.5    664
7.5    568
8.5    540
9.5    543
10.5    438
11.5    364
12.5    335
13.5    247
14.5    207
15.5    174
16.5    116
17.5    107
18.5    85
19.5    60
20.5    40
21.5    32
22.5    20
23.5    13
24.5    7
25.5    10
26.5    8
27.5    3
28.5    2
29.5    0
30.5    0
