-38.5    13
-37.5    13
-36.5    34
-35.5    38
-34.5    52
-33.5    65
-32.5    88
-31.5    119
-30.5    140
-29.5    189
-28.5    216
-27.5    293
-26.5    348
-25.5    465
-24.5    501
-23.5    610
-22.5    688
-21.5    871
-20.5    907
-19.5    1014
-18.5    1035
-17.5    1153
-16.5    1200
-15.5    1285
-14.5    1255
-13.5    1245
-12.5    1295
-11.5    1189
-10.5    1242
-9.5    1148
-8.5    1027
-7.5    1028
-6.5    973
-5.5    897
-4.5    827
-3.5    783
-2.5    673
-1.5    643
-0.5    643
0.5    577
1.5    584
2.5    534
3.5    519
4.5    440
5.5    403
6.5    383
7.5    335
8.5    347
9.5    300
10.5    286
11.5    225
12.5    185
13.5    189
14.5    118
15.5    99
16.5    99
17.5    65
18.5    36
19.5    49
20.5    27
21.5    26
22.5    14
23.5    17
24.5    7
25.5    6
26.5    8
27.5    1
28.5    1
29.5    3
30.5    4
