-38.5    3
-37.5    4
-36.5    12
-35.5    15
-34.5    17
-33.5    30
-32.5    39
-31.5    61
-30.5    98
-29.5    117
-28.5    153
-27.5    196
-26.5    252
-25.5    370
-24.5    387
-23.5    501
-22.5    592
-21.5    680
-20.5    732
-19.5    801
-18.5    921
-17.5    998
-16.5    1022
-15.5    998
-14.5    1158
-13.5    1033
-12.5    1056
-11.5    1056
-10.5    981
-9.5    951
-8.5    909
-7.5    822
-6.5    853
-5.5    784
-4.5    781
-3.5    808
-2.5    758
-1.5    766
-0.5    804
0.5    804
1.5    843
2.5    799
3.5    826
4.5    760
5.5    761
6.5    703
7.5    661
8.5    607
9.5    519
10.5    445
11.5    407
12.5    347
13.5    278
14.5    212
15.5    155
16.5    139
17.5    98
18.5    94
19.5    51
20.5    32
21.5    32
22.5    19
23.5    22
24.5    6
25.5    10
26.5    0
27.5    0
28.5    1
29.5    1
30.5    3
