-38.5    3
-37.5    1
-36.5    4
-35.5    13
-34.5    9
-33.5    17
-32.5    16
-31.5    19
-30.5    30
-29.5    36
-28.5    53
-27.5    62
-26.5    65
-25.5    60
-24.5    105
-23.5    113
-22.5    127
-21.5    148
-20.5    164
-19.5    189
-18.5    223
-17.5    276
-16.5    317
-15.5    374
-14.5    412
-13.5    448
-12.5    507
-11.5    567
-10.5    713
-9.5    762
-8.5    848
-7.5    976
-6.5    1119
-5.5    1188
-4.5    1311
-3.5    1345
-2.5    1438
-1.5    1495
-0.5    1511
0.5    1443
1.5    1476
2.5    1401
3.5    1379
4.5    1324
5.5    1204
6.5    1177
7.5    927
8.5    841
9.5    744
10.5    657
11.5    520
12.5    460
13.5    336
14.5    286
15.5    226
16.5    173
17.5    142
18.5    93
19.5    75
20.5    58
21.5    42
22.5    25
23.5    24
24.5    14
25.5    14
26.5    2
27.5    6
28.5    2
29.5    1
30.5    0
