-38.5    12
-37.5    10
-36.5    25
-35.5    34
-34.5    35
-33.5    66
-32.5    85
-31.5    121
-30.5    178
-29.5    204
-28.5    288
-27.5    300
-26.5    436
-25.5    499
-24.5    596
-23.5    699
-22.5    786
-21.5    904
-20.5    1067
-19.5    1148
-18.5    1239
-17.5    1287
-16.5    1359
-15.5    1403
-14.5    1541
-13.5    1465
-12.5    1413
-11.5    1353
-10.5    1329
-9.5    1250
-8.5    1174
-7.5    1110
-6.5    984
-5.5    876
-4.5    830
-3.5    702
-2.5    670
-1.5    546
-0.5    490
0.5    420
1.5    365
2.5    303
3.5    308
4.5    267
5.5    211
6.5    204
7.5    202
8.5    197
9.5    163
10.5    133
11.5    116
12.5    98
13.5    103
14.5    69
15.5    61
16.5    47
17.5    44
18.5    33
19.5    23
20.5    18
21.5    20
22.5    12
23.5    7
24.5    7
25.5    5
26.5    0
27.5    5
28.5    4
29.5    2
30.5    2
