-38.5    4
-37.5    8
-36.5    9
-35.5    16
-34.5    27
-33.5    35
-32.5    61
-31.5    76
-30.5    127
-29.5    165
-28.5    211
-27.5    288
-26.5    362
-25.5    445
-24.5    587
-23.5    713
-22.5    912
-21.5    1010
-20.5    1174
-19.5    1351
-18.5    1417
-17.5    1630
-16.5    1693
-15.5    1808
-14.5    1787
-13.5    1778
-12.5    1746
-11.5    1685
-10.5    1570
-9.5    1513
-8.5    1309
-7.5    1202
-6.5    1001
-5.5    821
-4.5    717
-3.5    578
-2.5    474
-1.5    386
-0.5    314
0.5    218
1.5    178
2.5    104
3.5    83
4.5    60
5.5    45
6.5    23
7.5    19
8.5    18
9.5    9
10.5    9
11.5    9
12.5    6
13.5    6
14.5    9
15.5    5
16.5    3
17.5    4
18.5    7
19.5    4
20.5    6
21.5    11
22.5    6
23.5    2
24.5    5
25.5    5
26.5    4
27.5    4
28.5    4
29.5    3
30.5    3
