-38.5    3
-37.5    7
-36.5    8
-35.5    21
-34.5    26
-33.5    44
-32.5    61
-31.5    95
-30.5    124
-29.5    165
-28.5    202
-27.5    303
-26.5    393
-25.5    483
-24.5    587
-23.5    766
-22.5    860
-21.5    1036
-20.5    1084
-19.5    1378
-18.5    1456
-17.5    1591
-16.5    1640
-15.5    1751
-14.5    1831
-13.5    1766
-12.5    1704
-11.5    1679
-10.5    1525
-9.5    1506
-8.5    1341
-7.5    1136
-6.5    1004
-5.5    840
-4.5    754
-3.5    591
-2.5    521
-1.5    348
-0.5    318
0.5    218
1.5    155
2.5    134
3.5    111
4.5    57
5.5    48
6.5    21
7.5    19
8.5    17
9.5    13
10.5    12
11.5    14
12.5    13
13.5    10
14.5    8
15.5    5
16.5    7
17.5    1
18.5    3
19.5    3
20.5    1
21.5    5
22.5    2
23.5    2
24.5    0
25.5    3
26.5    4
27.5    2
28.5    0
29.5    1
30.5    1
