-38.5    3
-37.5    1
-36.5    5
-35.5    4
-34.5    4
-33.5    6
-32.5    10
-31.5    7
-30.5    25
-29.5    16
-28.5    25
-27.5    28
-26.5    39
-25.5    59
-24.5    54
-23.5    72
-22.5    78
-21.5    86
-20.5    110
-19.5    134
-18.5    165
-17.5    209
-16.5    268
-15.5    308
-14.5    365
-13.5    382
-12.5    487
-11.5    579
-10.5    660
-9.5    776
-8.5    922
-7.5    961
-6.5    1126
-5.5    1244
-4.5    1353
-3.5    1438
-2.5    1518
-1.5    1469
-0.5    1558
0.5    1546
1.5    1527
2.5    1521
3.5    1454
4.5    1406
5.5    1199
6.5    1100
7.5    1021
8.5    902
9.5    751
10.5    647
11.5    543
12.5    432
13.5    356
14.5    294
15.5    232
16.5    179
17.5    126
18.5    106
19.5    67
20.5    53
21.5    41
22.5    27
23.5    24
24.5    16
25.5    8
26.5    7
27.5    5
28.5    5
29.5    6
30.5    2
