-38.5    3
-37.5    2
-36.5    4
-35.5    14
-34.5    9
-33.5    16
-32.5    14
-31.5    21
-30.5    25
-29.5    39
-28.5    53
-27.5    58
-26.5    70
-25.5    85
-24.5    102
-23.5    110
-22.5    162
-21.5    156
-20.5    180
-19.5    216
-18.5    246
-17.5    280
-16.5    332
-15.5    354
-14.5    400
-13.5    484
-12.5    502
-11.5    606
-10.5    714
-9.5    750
-8.5    862
-7.5    975
-6.5    1089
-5.5    1176
-4.5    1274
-3.5    1390
-2.5    1347
-1.5    1416
-0.5    1516
0.5    1496
1.5    1440
2.5    1376
3.5    1407
4.5    1336
5.5    1198
6.5    1107
7.5    944
8.5    767
9.5    727
10.5    615
11.5    517
12.5    460
13.5    329
14.5    298
15.5    260
16.5    171
17.5    135
18.5    88
19.5    78
20.5    59
21.5    50
22.5    28
23.5    21
24.5    14
25.5    11
26.5    5
27.5    9
28.5    4
29.5    1
30.5    1
