-38.5    6
-37.5    15
-36.5    11
-35.5    42
-34.5    40
-33.5    75
-32.5    95
-31.5    120
-30.5    156
-29.5    226
-28.5    258
-27.5    308
-26.5    381
-25.5    514
-24.5    594
-23.5    642
-22.5    767
-21.5    852
-20.5    1011
-19.5    1106
-18.5    1135
-17.5    1231
-16.5    1296
-15.5    1323
-14.5    1377
-13.5    1411
-12.5    1375
-11.5    1257
-10.5    1347
-9.5    1217
-8.5    1127
-7.5    1005
-6.5    970
-5.5    903
-4.5    798
-3.5    743
-2.5    677
-1.5    640
-0.5    544
0.5    499
1.5    446
2.5    396
3.5    345
4.5    323
5.5    306
6.5    295
7.5    275
8.5    216
9.5    208
10.5    205
11.5    158
12.5    146
13.5    119
14.5    103
15.5    86
16.5    55
17.5    49
18.5    37
19.5    25
20.5    20
21.5    17
22.5    15
23.5    13
24.5    8
25.5    1
26.5    4
27.5    4
28.5    1
29.5    0
30.5    2
