-38.5    3
-37.5    8
-36.5    14
-35.5    12
-34.5    21
-33.5    39
-32.5    54
-31.5    71
-30.5    89
-29.5    108
-28.5    178
-27.5    216
-26.5    248
-25.5    301
-24.5    350
-23.5    413
-22.5    510
-21.5    557
-20.5    623
-19.5    723
-18.5    747
-17.5    731
-16.5    784
-15.5    803
-14.5    850
-13.5    870
-12.5    826
-11.5    777
-10.5    771
-9.5    810
-8.5    792
-7.5    870
-6.5    825
-5.5    912
-4.5    926
-3.5    1032
-2.5    955
-1.5    1030
-0.5    1049
0.5    1091
1.5    1129
2.5    1106
3.5    1010
4.5    986
5.5    898
6.5    856
7.5    701
8.5    702
9.5    568
10.5    475
11.5    412
12.5    335
13.5    247
14.5    183
15.5    140
16.5    108
17.5    69
18.5    69
19.5    51
20.5    29
21.5    17
22.5    12
23.5    10
24.5    5
25.5    5
26.5    3
27.5    3
28.5    3
29.5    2
30.5    0
