-38.5    0
-37.5    0
-36.5    2
-35.5    0
-34.5    0
-33.5    5
-32.5    1
-31.5    2
-30.5    7
-29.5    5
-28.5    17
-27.5    12
-26.5    16
-25.5    21
-24.5    26
-23.5    44
-22.5    26
-21.5    56
-20.5    63
-19.5    72
-18.5    96
-17.5    139
-16.5    157
-15.5    197
-14.5    260
-13.5    309
-12.5    388
-11.5    485
-10.5    577
-9.5    710
-8.5    837
-7.5    982
-6.5    1108
-5.5    1263
-4.5    1425
-3.5    1574
-2.5    1626
-1.5    1710
-0.5    1732
0.5    1813
1.5    1793
2.5    1679
3.5    1557
4.5    1473
5.5    1300
6.5    1233
7.5    1049
8.5    967
9.5    716
10.5    612
11.5    443
12.5    363
13.5    278
14.5    243
15.5    158
16.5    108
17.5    98
18.5    59
19.5    45
20.5    30
21.5    13
22.5    9
23.5    6
24.5    2
25.5    2
26.5    2
27.5    4
28.5    0
29.5    2
30.5    1
