-38.5    7
-37.5    11
-36.5    13
-35.5    16
-34.5    25
-33.5    41
-32.5    55
-31.5    64
-30.5    127
-29.5    159
-28.5    211
-27.5    316
-26.5    391
-25.5    459
-24.5    579
-23.5    692
-22.5    867
-21.5    1010
-20.5    1132
-19.5    1276
-18.5    1463
-17.5    1608
-16.5    1649
-15.5    1792
-14.5    1793
-13.5    1762
-12.5    1802
-11.5    1659
-10.5    1626
-9.5    1535
-8.5    1302
-7.5    1175
-6.5    1039
-5.5    850
-4.5    746
-3.5    559
-2.5    512
-1.5    405
-0.5    309
0.5    202
1.5    202
2.5    123
3.5    85
4.5    74
5.5    46
6.5    30
7.5    19
8.5    18
9.5    7
10.5    6
11.5    5
12.5    3
13.5    3
14.5    7
15.5    6
16.5    7
17.5    5
18.5    9
19.5    4
20.5    8
21.5    5
22.5    7
23.5    2
24.5    5
25.5    4
26.5    5
27.5    4
28.5    4
29.5    3
30.5    5
