-38.5    20
-37.5    26
-36.5    24
-35.5    59
-34.5    80
-33.5    82
-32.5    133
-31.5    184
-30.5    205
-29.5    297
-28.5    381
-27.5    471
-26.5    524
-25.5    682
-24.5    805
-23.5    948
-22.5    1128
-21.5    1227
-20.5    1373
-19.5    1572
-18.5    1705
-17.5    1755
-16.5    1816
-15.5    1967
-14.5    1935
-13.5    1896
-12.5    2006
-11.5    1933
-10.5    1830
-9.5    1708
-8.5    1613
-7.5    1549
-6.5    1396
-5.5    1379
-4.5    1210
-3.5    1138
-2.5    1030
-1.5    966
-0.5    869
0.5    802
1.5    738
2.5    680
3.5    658
4.5    605
5.5    599
6.5    504
7.5    446
8.5    436
9.5    393
10.5    372
11.5    294
12.5    253
13.5    194
14.5    183
15.5    110
16.5    114
17.5    97
18.5    70
19.5    68
20.5    40
21.5    27
22.5    26
23.5    11
24.5    13
25.5    12
26.5    6
27.5    5
28.5    2
29.5    6
30.5    1
