-38.5    10
-37.5    17
-36.5    21
-35.5    45
-34.5    47
-33.5    67
-32.5    104
-31.5    118
-30.5    146
-29.5    211
-28.5    263
-27.5    332
-26.5    419
-25.5    513
-24.5    577
-23.5    673
-22.5    767
-21.5    818
-20.5    1047
-19.5    1101
-18.5    1175
-17.5    1289
-16.5    1321
-15.5    1299
-14.5    1393
-13.5    1418
-12.5    1415
-11.5    1279
-10.5    1343
-9.5    1207
-8.5    1129
-7.5    1030
-6.5    973
-5.5    895
-4.5    819
-3.5    712
-2.5    611
-1.5    576
-0.5    502
0.5    506
1.5    418
2.5    365
3.5    349
4.5    295
5.5    309
6.5    277
7.5    257
8.5    196
9.5    191
10.5    180
11.5    158
12.5    128
13.5    97
14.5    106
15.5    77
16.5    59
17.5    46
18.5    31
19.5    25
20.5    21
21.5    16
22.5    12
23.5    14
24.5    10
25.5    4
26.5    4
27.5    3
28.5    1
29.5    1
30.5    1
