-38.5    2
-37.5    7
-36.5    9
-35.5    18
-34.5    29
-33.5    30
-32.5    61
-31.5    82
-30.5    131
-29.5    160
-28.5    219
-27.5    281
-26.5    371
-25.5    461
-24.5    589
-23.5    744
-22.5    899
-21.5    1002
-20.5    1165
-19.5    1318
-18.5    1398
-17.5    1572
-16.5    1606
-15.5    1752
-14.5    1814
-13.5    1831
-12.5    1696
-11.5    1707
-10.5    1544
-9.5    1459
-8.5    1333
-7.5    1200
-6.5    1035
-5.5    847
-4.5    737
-3.5    612
-2.5    463
-1.5    392
-0.5    298
0.5    228
1.5    137
2.5    106
3.5    97
4.5    53
5.5    43
6.5    28
7.5    18
8.5    16
9.5    9
10.5    9
11.5    11
12.5    7
13.5    9
14.5    7
15.5    5
16.5    2
17.5    5
18.5    4
19.5    5
20.5    9
21.5    8
22.5    8
23.5    7
24.5    9
25.5    5
26.5    4
27.5    5
28.5    2
29.5    3
30.5    1
