-38.5    5
-37.5    17
-36.5    24
-35.5    29
-34.5    45
-33.5    74
-32.5    73
-31.5    105
-30.5    168
-29.5    191
-28.5    262
-27.5    342
-26.5    415
-25.5    510
-24.5    565
-23.5    734
-22.5    861
-21.5    957
-20.5    1090
-19.5    1271
-18.5    1381
-17.5    1488
-16.5    1529
-15.5    1610
-14.5    1690
-13.5    1602
-12.5    1639
-11.5    1511
-10.5    1445
-9.5    1394
-8.5    1311
-7.5    1131
-6.5    1034
-5.5    909
-4.5    784
-3.5    715
-2.5    563
-1.5    471
-0.5    356
0.5    312
1.5    262
2.5    195
3.5    159
4.5    133
5.5    94
6.5    95
7.5    59
8.5    48
9.5    45
10.5    29
11.5    22
12.5    27
13.5    19
14.5    12
15.5    14
16.5    12
17.5    9
18.5    4
19.5    5
20.5    5
21.5    8
22.5    2
23.5    2
24.5    3
25.5    1
26.5    1
27.5    0
28.5    0
29.5    1
30.5    0
