-38.5    0
-37.5    1
-36.5    0
-35.5    0
-34.5    2
-33.5    6
-32.5    5
-31.5    4
-30.5    3
-29.5    10
-28.5    5
-27.5    6
-26.5    11
-25.5    19
-24.5    22
-23.5    28
-22.5    35
-21.5    43
-20.5    54
-19.5    78
-18.5    111
-17.5    154
-16.5    171
-15.5    221
-14.5    281
-13.5    354
-12.5    457
-11.5    500
-10.5    631
-9.5    756
-8.5    879
-7.5    1032
-6.5    1092
-5.5    1274
-4.5    1342
-3.5    1493
-2.5    1564
-1.5    1611
-0.5    1592
0.5    1612
1.5    1623
2.5    1653
3.5    1512
4.5    1454
5.5    1337
6.5    1135
7.5    1066
8.5    930
9.5    760
10.5    732
11.5    525
12.5    432
13.5    350
14.5    258
15.5    220
16.5    189
17.5    134
18.5    84
19.5    53
20.5    56
21.5    31
22.5    19
23.5    14
24.5    9
25.5    9
26.5    4
27.5    3
28.5    4
29.5    0
30.5    0
