-38.5    7
-37.5    8
-36.5    19
-35.5    28
-34.5    38
-33.5    54
-32.5    77
-31.5    122
-30.5    142
-29.5    187
-28.5    221
-27.5    311
-26.5    413
-25.5    466
-24.5    589
-23.5    688
-22.5    771
-21.5    908
-20.5    1026
-19.5    1137
-18.5    1193
-17.5    1315
-16.5    1395
-15.5    1496
-14.5    1501
-13.5    1505
-12.5    1409
-11.5    1367
-10.5    1292
-9.5    1217
-8.5    1182
-7.5    1059
-6.5    978
-5.5    878
-4.5    756
-3.5    717
-2.5    621
-1.5    522
-0.5    479
0.5    416
1.5    363
2.5    363
3.5    345
4.5    295
5.5    275
6.5    209
7.5    232
8.5    233
9.5    159
10.5    140
11.5    128
12.5    119
13.5    99
14.5    79
15.5    79
16.5    43
17.5    42
18.5    24
19.5    25
20.5    19
21.5    15
22.5    11
23.5    8
24.5    6
25.5    1
26.5    4
27.5    3
28.5    0
29.5    0
30.5    3
