-38.5    4
-37.5    13
-36.5    22
-35.5    21
-34.5    28
-33.5    41
-32.5    71
-31.5    72
-30.5    83
-29.5    114
-28.5    155
-27.5    206
-26.5    231
-25.5    286
-24.5    327
-23.5    379
-22.5    415
-21.5    482
-20.5    576
-19.5    601
-18.5    702
-17.5    672
-16.5    726
-15.5    727
-14.5    794
-13.5    755
-12.5    814
-11.5    813
-10.5    800
-9.5    854
-8.5    832
-7.5    892
-6.5    902
-5.5    891
-4.5    957
-3.5    1009
-2.5    1035
-1.5    1070
-0.5    1092
0.5    1110
1.5    1076
2.5    1031
3.5    1054
4.5    960
5.5    921
6.5    880
7.5    733
8.5    661
9.5    591
10.5    513
11.5    417
12.5    382
13.5    337
14.5    264
15.5    201
16.5    161
17.5    122
18.5    92
19.5    62
20.5    46
21.5    37
22.5    28
23.5    19
24.5    13
25.5    7
26.5    7
27.5    6
28.5    2
29.5    3
30.5    3
