-38.5    11
-37.5    13
-36.5    18
-35.5    22
-34.5    38
-33.5    52
-32.5    61
-31.5    89
-30.5    104
-29.5    152
-28.5    215
-27.5    272
-26.5    280
-25.5    390
-24.5    462
-23.5    529
-22.5    580
-21.5    674
-20.5    784
-19.5    806
-18.5    900
-17.5    950
-16.5    1045
-15.5    1026
-14.5    1051
-13.5    1080
-12.5    1077
-11.5    1038
-10.5    1038
-9.5    1014
-8.5    960
-7.5    913
-6.5    836
-5.5    823
-4.5    859
-3.5    796
-2.5    738
-1.5    794
-0.5    767
0.5    780
1.5    770
2.5    693
3.5    718
4.5    689
5.5    651
6.5    625
7.5    619
8.5    567
9.5    476
10.5    412
11.5    346
12.5    308
13.5    210
14.5    220
15.5    145
16.5    135
17.5    103
18.5    66
19.5    53
20.5    40
21.5    36
22.5    27
23.5    13
24.5    14
25.5    10
26.5    11
27.5    7
28.5    3
29.5    1
30.5    0
