-38.5    6
-37.5    4
-36.5    11
-35.5    10
-34.5    15
-33.5    14
-32.5    17
-31.5    32
-30.5    45
-29.5    48
-28.5    62
-27.5    94
-26.5    105
-25.5    128
-24.5    149
-23.5    153
-22.5    191
-21.5    225
-20.5    206
-19.5    286
-18.5    284
-17.5    310
-16.5    373
-15.5    398
-14.5    452
-13.5    487
-12.5    572
-11.5    586
-10.5    679
-9.5    710
-8.5    874
-7.5    973
-6.5    1037
-5.5    1072
-4.5    1186
-3.5    1314
-2.5    1352
-1.5    1396
-0.5    1457
0.5    1462
1.5    1530
2.5    1370
3.5    1312
4.5    1242
5.5    1180
6.5    1121
7.5    976
8.5    809
9.5    789
10.5    615
11.5    499
12.5    433
13.5    351
14.5    285
15.5    209
16.5    183
17.5    124
18.5    97
19.5    76
20.5    52
21.5    29
22.5    27
23.5    15
24.5    18
25.5    8
26.5    7
27.5    6
28.5    2
29.5    2
30.5    0
