-38.5    15
-37.5    15
-36.5    19
-35.5    33
-34.5    43
-33.5    62
-32.5    70
-31.5    111
-30.5    132
-29.5    177
-28.5    228
-27.5    256
-26.5    370
-25.5    441
-24.5    499
-23.5    634
-22.5    696
-21.5    839
-20.5    907
-19.5    1021
-18.5    1113
-17.5    1206
-16.5    1268
-15.5    1345
-14.5    1328
-13.5    1294
-12.5    1305
-11.5    1278
-10.5    1227
-9.5    1144
-8.5    1045
-7.5    936
-6.5    900
-5.5    874
-4.5    752
-3.5    715
-2.5    654
-1.5    546
-0.5    544
0.5    567
1.5    577
2.5    489
3.5    473
4.5    461
5.5    407
6.5    383
7.5    344
8.5    334
9.5    282
10.5    264
11.5    215
12.5    210
13.5    142
14.5    114
15.5    96
16.5    74
17.5    64
18.5    51
19.5    34
20.5    26
21.5    21
22.5    19
23.5    9
24.5    15
25.5    3
26.5    9
27.5    3
28.5    2
29.5    3
30.5    0
