-38.5    0
-37.5    1
-36.5    0
-35.5    0
-34.5    0
-33.5    1
-32.5    0
-31.5    1
-30.5    3
-29.5    1
-28.5    0
-27.5    2
-26.5    4
-25.5    3
-24.5    10
-23.5    11
-22.5    26
-21.5    38
-20.5    40
-19.5    62
-18.5    77
-17.5    104
-16.5    140
-15.5    179
-14.5    287
-13.5    340
-12.5    426
-11.5    548
-10.5    641
-9.5    722
-8.5    844
-7.5    1027
-6.5    1120
-5.5    1249
-4.5    1425
-3.5    1526
-2.5    1589
-1.5    1616
-0.5    1689
0.5    1713
1.5    1667
2.5    1578
3.5    1557
4.5    1416
5.5    1372
6.5    1197
7.5    1072
8.5    911
9.5    781
10.5    647
11.5    567
12.5    426
13.5    347
14.5    260
15.5    235
16.5    158
17.5    123
18.5    111
19.5    65
20.5    41
21.5    21
22.5    23
23.5    16
24.5    6
25.5    4
26.5    2
27.5    3
28.5    1
29.5    0
30.5    0
