-38.5    0
-37.5    1
-36.5    0
-35.5    2
-34.5    1
-33.5    0
-32.5    1
-31.5    1
-30.5    0
-29.5    2
-28.5    6
-27.5    4
-26.5    6
-25.5    7
-24.5    13
-23.5    19
-22.5    31
-21.5    35
-20.5    40
-19.5    47
-18.5    78
-17.5    109
-16.5    126
-15.5    207
-14.5    271
-13.5    366
-12.5    424
-11.5    522
-10.5    633
-9.5    740
-8.5    882
-7.5    1090
-6.5    1190
-5.5    1257
-4.5    1408
-3.5    1468
-2.5    1564
-1.5    1628
-0.5    1607
0.5    1716
1.5    1639
2.5    1603
3.5    1507
4.5    1447
5.5    1286
6.5    1183
7.5    1093
8.5    913
9.5    751
10.5    683
11.5    511
12.5    445
13.5    342
14.5    275
15.5    211
16.5    176
17.5    112
18.5    76
19.5    54
20.5    41
21.5    40
22.5    18
23.5    16
24.5    8
25.5    5
26.5    5
27.5    3
28.5    3
29.5    3
30.5    1
