-38.5    2
-37.5    0
-36.5    1
-35.5    0
-34.5    0
-33.5    1
-32.5    1
-31.5    2
-30.5    2
-29.5    2
-28.5    0
-27.5    2
-26.5    6
-25.5    6
-24.5    14
-23.5    15
-22.5    20
-21.5    38
-20.5    46
-19.5    57
-18.5    76
-17.5    115
-16.5    139
-15.5    190
-14.5    229
-13.5    354
-12.5    415
-11.5    513
-10.5    646
-9.5    767
-8.5    844
-7.5    1018
-6.5    1141
-5.5    1216
-4.5    1375
-3.5    1567
-2.5    1592
-1.5    1627
-0.5    1638
0.5    1714
1.5    1637
2.5    1601
3.5    1514
4.5    1485
5.5    1334
6.5    1266
7.5    1034
8.5    847
9.5    801
10.5    697
11.5    528
12.5    463
13.5    344
14.5    258
15.5    244
16.5    157
17.5    100
18.5    105
19.5    57
20.5    48
21.5    34
22.5    21
23.5    12
24.5    5
25.5    6
26.5    6
27.5    2
28.5    2
29.5    1
30.5    0
