-38.5    5
-37.5    8
-36.5    17
-35.5    28
-34.5    40
-33.5    49
-32.5    80
-31.5    110
-30.5    143
-29.5    193
-28.5    231
-27.5    347
-26.5    401
-25.5    506
-24.5    591
-23.5    708
-22.5    753
-21.5    941
-20.5    1101
-19.5    1204
-18.5    1276
-17.5    1304
-16.5    1465
-15.5    1514
-14.5    1542
-13.5    1540
-12.5    1537
-11.5    1448
-10.5    1410
-9.5    1292
-8.5    1241
-7.5    1086
-6.5    1004
-5.5    949
-4.5    747
-3.5    692
-2.5    596
-1.5    504
-0.5    447
0.5    423
1.5    347
2.5    313
3.5    268
4.5    237
5.5    195
6.5    172
7.5    188
8.5    192
9.5    138
10.5    119
11.5    96
12.5    84
13.5    71
14.5    55
15.5    51
16.5    32
17.5    21
18.5    21
19.5    27
20.5    10
21.5    10
22.5    8
23.5    2
24.5    5
25.5    4
26.5    3
27.5    3
28.5    1
29.5    0
30.5    2
