-38.5    1
-37.5    0
-36.5    0
-35.5    3
-34.5    0
-33.5    1
-32.5    1
-31.5    1
-30.5    2
-29.5    2
-28.5    1
-27.5    0
-26.5    5
-25.5    2
-24.5    7
-23.5    12
-22.5    18
-21.5    24
-20.5    30
-19.5    64
-18.5    87
-17.5    110
-16.5    154
-15.5    189
-14.5    264
-13.5    329
-12.5    406
-11.5    507
-10.5    636
-9.5    760
-8.5    907
-7.5    1067
-6.5    1125
-5.5    1321
-4.5    1370
-3.5    1571
-2.5    1631
-1.5    1638
-0.5    1665
0.5    1732
1.5    1650
2.5    1615
3.5    1546
4.5    1510
5.5    1262
6.5    1192
7.5    1063
8.5    922
9.5    763
10.5    612
11.5    558
12.5    418
13.5    341
14.5    282
15.5    233
16.5    169
17.5    134
18.5    84
19.5    62
20.5    51
21.5    31
22.5    17
23.5    16
24.5    12
25.5    9
26.5    5
27.5    6
28.5    1
29.5    1
30.5    1
