-38.5    0
-37.5    2
-36.5    0
-35.5    0
-34.5    2
-33.5    2
-32.5    1
-31.5    1
-30.5    1
-29.5    1
-28.5    4
-27.5    3
-26.5    6
-25.5    8
-24.5    18
-23.5    16
-22.5    22
-21.5    29
-20.5    52
-19.5    59
-18.5    79
-17.5    106
-16.5    143
-15.5    195
-14.5    276
-13.5    347
-12.5    422
-11.5    533
-10.5    622
-9.5    755
-8.5    873
-7.5    1053
-6.5    1206
-5.5    1273
-4.5    1387
-3.5    1506
-2.5    1606
-1.5    1568
-0.5    1637
0.5    1673
1.5    1653
2.5    1584
3.5    1538
4.5    1409
5.5    1370
6.5    1186
7.5    1078
8.5    929
9.5    739
10.5    701
11.5    537
12.5    416
13.5    347
14.5    276
15.5    230
16.5    168
17.5    122
18.5    78
19.5    55
20.5    45
21.5    30
22.5    14
23.5    11
24.5    7
25.5    8
26.5    6
27.5    2
28.5    2
29.5    3
30.5    2
