-38.5    7
-37.5    10
-36.5    18
-35.5    29
-34.5    32
-33.5    50
-32.5    82
-31.5    112
-30.5    149
-29.5    179
-28.5    218
-27.5    311
-26.5    404
-25.5    427
-24.5    570
-23.5    654
-22.5    775
-21.5    893
-20.5    985
-19.5    1106
-18.5    1150
-17.5    1302
-16.5    1293
-15.5    1418
-14.5    1394
-13.5    1362
-12.5    1381
-11.5    1339
-10.5    1239
-9.5    1216
-8.5    1134
-7.5    1046
-6.5    930
-5.5    846
-4.5    790
-3.5    693
-2.5    668
-1.5    536
-0.5    471
0.5    461
1.5    411
2.5    395
3.5    375
4.5    355
5.5    338
6.5    305
7.5    263
8.5    238
9.5    209
10.5    183
11.5    170
12.5    155
13.5    123
14.5    95
15.5    105
16.5    57
17.5    54
18.5    29
19.5    31
20.5    19
21.5    16
22.5    9
23.5    8
24.5    7
25.5    1
26.5    7
27.5    0
28.5    1
29.5    0
30.5    1
