-38.5    10
-37.5    16
-36.5    27
-35.5    39
-34.5    52
-33.5    83
-32.5    122
-31.5    173
-30.5    211
-29.5    326
-28.5    359
-27.5    488
-26.5    616
-25.5    767
-24.5    935
-23.5    1089
-22.5    1283
-21.5    1425
-20.5    1613
-19.5    1810
-18.5    2014
-17.5    2169
-16.5    2187
-15.5    2247
-14.5    2372
-13.5    2412
-12.5    2429
-11.5    2314
-10.5    2189
-9.5    2107
-8.5    1870
-7.5    1659
-6.5    1534
-5.5    1435
-4.5    1199
-3.5    978
-2.5    842
-1.5    680
-0.5    609
0.5    549
1.5    437
2.5    339
3.5    278
4.5    252
5.5    205
6.5    184
7.5    164
8.5    138
9.5    109
10.5    102
11.5    81
12.5    76
13.5    69
14.5    38
15.5    40
16.5    38
17.5    33
18.5    20
19.5    17
20.5    10
21.5    8
22.5    9
23.5    8
24.5    3
25.5    1
26.5    3
27.5    0
28.5    6
29.5    3
30.5    1
