-38.5    0
-37.5    0
-36.5    0
-35.5    0
-34.5    5
-33.5    3
-32.5    4
-31.5    8
-30.5    1
-29.5    15
-28.5    8
-27.5    10
-26.5    22
-25.5    25
-24.5    24
-23.5    32
-22.5    44
-21.5    55
-20.5    67
-19.5    93
-18.5    104
-17.5    155
-16.5    192
-15.5    247
-14.5    299
-13.5    351
-12.5    441
-11.5    545
-10.5    632
-9.5    750
-8.5    857
-7.5    1062
-6.5    1095
-5.5    1281
-4.5    1359
-3.5    1547
-2.5    1539
-1.5    1598
-0.5    1570
0.5    1607
1.5    1631
2.5    1533
3.5    1478
4.5    1470
5.5    1310
6.5    1150
7.5    1053
8.5    900
9.5    779
10.5    663
11.5    504
12.5    433
13.5    353
14.5    266
15.5    226
16.5    158
17.5    124
18.5    67
19.5    57
20.5    56
21.5    34
22.5    16
23.5    11
24.5    13
25.5    8
26.5    5
27.5    0
28.5    3
29.5    1
30.5    0
