-38.5    3
-37.5    0
-36.5    5
-35.5    5
-34.5    7
-33.5    7
-32.5    16
-31.5    18
-30.5    16
-29.5    27
-28.5    19
-27.5    58
-26.5    55
-25.5    50
-24.5    65
-23.5    82
-22.5    95
-21.5    112
-20.5    129
-19.5    171
-18.5    189
-17.5    217
-16.5    244
-15.5    305
-14.5    311
-13.5    394
-12.5    450
-11.5    541
-10.5    615
-9.5    754
-8.5    853
-7.5    962
-6.5    1126
-5.5    1199
-4.5    1273
-3.5    1465
-2.5    1477
-1.5    1507
-0.5    1654
0.5    1547
1.5    1544
2.5    1543
3.5    1447
4.5    1333
5.5    1362
6.5    1150
7.5    1038
8.5    874
9.5    765
10.5    587
11.5    561
12.5    413
13.5    311
14.5    285
15.5    215
16.5    155
17.5    119
18.5    91
19.5    68
20.5    42
21.5    28
22.5    24
23.5    18
24.5    7
25.5    4
26.5    5
27.5    2
28.5    2
29.5    1
30.5    0
