-38.5    18
-37.5    12
-36.5    14
-35.5    34
-34.5    41
-33.5    60
-32.5    79
-31.5    109
-30.5    137
-29.5    175
-28.5    247
-27.5    267
-26.5    346
-25.5    420
-24.5    529
-23.5    625
-22.5    684
-21.5    841
-20.5    940
-19.5    969
-18.5    1057
-17.5    1210
-16.5    1233
-15.5    1253
-14.5    1178
-13.5    1276
-12.5    1266
-11.5    1203
-10.5    1178
-9.5    1039
-8.5    968
-7.5    907
-6.5    898
-5.5    866
-4.5    768
-3.5    692
-2.5    671
-1.5    622
-0.5    640
0.5    595
1.5    619
2.5    541
3.5    537
4.5    505
5.5    458
6.5    428
7.5    414
8.5    413
9.5    315
10.5    300
11.5    268
12.5    235
13.5    167
14.5    169
15.5    114
16.5    96
17.5    67
18.5    64
19.5    34
20.5    25
21.5    26
22.5    17
23.5    13
24.5    12
25.5    2
26.5    6
27.5    3
28.5    1
29.5    2
30.5    2
