-38.5    7
-37.5    3
-36.5    12
-35.5    8
-34.5    18
-33.5    34
-32.5    51
-31.5    62
-30.5    88
-29.5    116
-28.5    125
-27.5    164
-26.5    237
-25.5    243
-24.5    267
-23.5    307
-22.5    362
-21.5    439
-20.5    442
-19.5    498
-18.5    507
-17.5    531
-16.5    578
-15.5    633
-14.5    678
-13.5    626
-12.5    708
-11.5    707
-10.5    798
-9.5    783
-8.5    842
-7.5    904
-6.5    930
-5.5    921
-4.5    1059
-3.5    1095
-2.5    1117
-1.5    1134
-0.5    1213
0.5    1158
1.5    1216
2.5    1143
3.5    1186
4.5    1070
5.5    1026
6.5    967
7.5    862
8.5    792
9.5    634
10.5    568
11.5    472
12.5    422
13.5    306
14.5    279
15.5    222
16.5    152
17.5    122
18.5    81
19.5    82
20.5    56
21.5    29
22.5    28
23.5    15
24.5    10
25.5    13
26.5    5
27.5    4
28.5    2
29.5    1
30.5    0
