-38.5    2
-37.5    0
-36.5    0
-35.5    4
-34.5    0
-33.5    0
-32.5    3
-31.5    1
-30.5    0
-29.5    2
-28.5    5
-27.5    9
-26.5    7
-25.5    15
-24.5    10
-23.5    21
-22.5    27
-21.5    47
-20.5    39
-19.5    52
-18.5    84
-17.5    118
-16.5    143
-15.5    203
-14.5    279
-13.5    368
-12.5    399
-11.5    517
-10.5    622
-9.5    757
-8.5    852
-7.5    1023
-6.5    1120
-5.5    1273
-4.5    1397
-3.5    1521
-2.5    1594
-1.5    1608
-0.5    1668
0.5    1733
1.5    1642
2.5    1574
3.5    1492
4.5    1491
5.5    1285
6.5    1205
7.5    1014
8.5    931
9.5    793
10.5    660
11.5    555
12.5    486
13.5    343
14.5    255
15.5    205
16.5    168
17.5    106
18.5    80
19.5    65
20.5    38
21.5    44
22.5    24
23.5    19
24.5    11
25.5    6
26.5    5
27.5    2
28.5    4
29.5    6
30.5    1
