-38.5    1
-37.5    0
-36.5    0
-35.5    2
-34.5    0
-33.5    1
-32.5    1
-31.5    0
-30.5    2
-29.5    2
-28.5    1
-27.5    2
-26.5    8
-25.5    2
-24.5    8
-23.5    13
-22.5    22
-21.5    34
-20.5    36
-19.5    66
-18.5    77
-17.5    110
-16.5    156
-15.5    196
-14.5    266
-13.5    308
-12.5    400
-11.5    531
-10.5    648
-9.5    754
-8.5    890
-7.5    1033
-6.5    1150
-5.5    1303
-4.5    1351
-3.5    1539
-2.5    1600
-1.5    1651
-0.5    1701
0.5    1723
1.5    1735
2.5    1656
3.5    1553
4.5    1479
5.5    1372
6.5    1157
7.5    1096
8.5    923
9.5    801
10.5    640
11.5    546
12.5    419
13.5    358
14.5    289
15.5    202
16.5    193
17.5    119
18.5    94
19.5    62
20.5    54
21.5    37
22.5    20
23.5    17
24.5    9
25.5    6
26.5    2
27.5    6
28.5    0
29.5    4
30.5    0
