-38.5    4
-37.5    9
-36.5    22
-35.5    30
-34.5    45
-33.5    62
-32.5    77
-31.5    111
-30.5    140
-29.5    229
-28.5    246
-27.5    336
-26.5    407
-25.5    514
-24.5    597
-23.5    735
-22.5    875
-21.5    989
-20.5    1051
-19.5    1264
-18.5    1384
-17.5    1437
-16.5    1471
-15.5    1528
-14.5    1639
-13.5    1633
-12.5    1673
-11.5    1536
-10.5    1445
-9.5    1364
-8.5    1274
-7.5    1131
-6.5    996
-5.5    975
-4.5    844
-3.5    678
-2.5    572
-1.5    453
-0.5    351
0.5    335
1.5    274
2.5    210
3.5    147
4.5    150
5.5    102
6.5    101
7.5    79
8.5    67
9.5    45
10.5    44
11.5    30
12.5    19
13.5    25
14.5    11
15.5    15
16.5    17
17.5    9
18.5    8
19.5    6
20.5    6
21.5    5
22.5    4
23.5    3
24.5    3
25.5    0
26.5    0
27.5    0
28.5    2
29.5    2
30.5    0
