-38.5    0
-37.5    2
-36.5    0
-35.5    0
-34.5    1
-33.5    3
-32.5    0
-31.5    2
-30.5    2
-29.5    0
-28.5    2
-27.5    3
-26.5    5
-25.5    6
-24.5    14
-23.5    13
-22.5    16
-21.5    31
-20.5    45
-19.5    62
-18.5    81
-17.5    105
-16.5    155
-15.5    183
-14.5    307
-13.5    353
-12.5    407
-11.5    554
-10.5    604
-9.5    735
-8.5    884
-7.5    1024
-6.5    1146
-5.5    1291
-4.5    1408
-3.5    1470
-2.5    1613
-1.5    1558
-0.5    1682
0.5    1685
1.5    1644
2.5    1523
3.5    1550
4.5    1397
5.5    1392
6.5    1215
7.5    1036
8.5    983
9.5    740
10.5    639
11.5    578
12.5    404
13.5    359
14.5    264
15.5    219
16.5    162
17.5    133
18.5    97
19.5    66
20.5    45
21.5    28
22.5    20
23.5    18
24.5    7
25.5    7
26.5    4
27.5    3
28.5    1
29.5    2
30.5    1
