-38.5    3
-37.5    1
-36.5    0
-35.5    2
-34.5    0
-33.5    0
-32.5    0
-31.5    2
-30.5    2
-29.5    1
-28.5    5
-27.5    4
-26.5    5
-25.5    6
-24.5    11
-23.5    19
-22.5    27
-21.5    41
-20.5    52
-19.5    90
-18.5    122
-17.5    164
-16.5    207
-15.5    295
-14.5    383
-13.5    513
-12.5    585
-11.5    730
-10.5    966
-9.5    1165
-8.5    1342
-7.5    1526
-6.5    1733
-5.5    1921
-4.5    2084
-3.5    2270
-2.5    2401
-1.5    2547
-0.5    2427
0.5    2547
1.5    2393
2.5    2353
3.5    2397
4.5    2122
5.5    1887
6.5    1814
7.5    1562
8.5    1353
9.5    1152
10.5    938
11.5    840
12.5    649
13.5    482
14.5    425
15.5    311
16.5    243
17.5    199
18.5    122
19.5    108
20.5    82
21.5    49
22.5    35
23.5    23
24.5    13
25.5    11
26.5    10
27.5    4
28.5    3
29.5    4
30.5    1
