-38.5    5
-37.5    3
-36.5    10
-35.5    11
-34.5    19
-33.5    36
-32.5    44
-31.5    59
-30.5    63
-29.5    101
-28.5    111
-27.5    147
-26.5    175
-25.5    202
-24.5    246
-23.5    275
-22.5    323
-21.5    360
-20.5    376
-19.5    481
-18.5    442
-17.5    503
-16.5    506
-15.5    565
-14.5    571
-13.5    619
-12.5    663
-11.5    657
-10.5    740
-9.5    779
-8.5    841
-7.5    925
-6.5    979
-5.5    967
-4.5    1065
-3.5    1146
-2.5    1203
-1.5    1239
-0.5    1302
0.5    1212
1.5    1256
2.5    1199
3.5    1205
4.5    1093
5.5    1097
6.5    1041
7.5    880
8.5    806
9.5    631
10.5    567
11.5    462
12.5    396
13.5    321
14.5    303
15.5    220
16.5    140
17.5    124
18.5    72
19.5    76
20.5    53
21.5    31
22.5    25
23.5    22
24.5    10
25.5    11
26.5    4
27.5    5
28.5    2
29.5    2
30.5    0
