-38.5    6
-37.5    4
-36.5    8
-35.5    14
-34.5    22
-33.5    17
-32.5    34
-31.5    45
-30.5    53
-29.5    66
-28.5    72
-27.5    113
-26.5    135
-25.5    149
-24.5    173
-23.5    216
-22.5    216
-21.5    272
-20.5    265
-19.5    335
-18.5    354
-17.5    362
-16.5    425
-15.5    475
-14.5    514
-13.5    502
-12.5    586
-11.5    592
-10.5    672
-9.5    713
-8.5    865
-7.5    893
-6.5    978
-5.5    1061
-4.5    1147
-3.5    1180
-2.5    1269
-1.5    1315
-0.5    1389
0.5    1394
1.5    1443
2.5    1341
3.5    1292
4.5    1213
5.5    1200
6.5    1091
7.5    964
8.5    813
9.5    772
10.5    607
11.5    523
12.5    407
13.5    355
14.5    284
15.5    225
16.5    178
17.5    126
18.5    97
19.5    82
20.5    47
21.5    31
22.5    22
23.5    15
24.5    17
25.5    10
26.5    5
27.5    6
28.5    4
29.5    2
30.5    1
