-38.5    2
-37.5    1
-36.5    0
-35.5    0
-34.5    1
-33.5    0
-32.5    1
-31.5    1
-30.5    1
-29.5    2
-28.5    1
-27.5    0
-26.5    3
-25.5    6
-24.5    9
-23.5    15
-22.5    17
-21.5    30
-20.5    49
-19.5    49
-18.5    73
-17.5    124
-16.5    143
-15.5    226
-14.5    260
-13.5    343
-12.5    447
-11.5    533
-10.5    628
-9.5    796
-8.5    901
-7.5    1011
-6.5    1117
-5.5    1246
-4.5    1397
-3.5    1567
-2.5    1603
-1.5    1664
-0.5    1687
0.5    1688
1.5    1644
2.5    1629
3.5    1582
4.5    1469
5.5    1324
6.5    1177
7.5    1068
8.5    908
9.5    777
10.5    627
11.5    522
12.5    469
13.5    354
14.5    267
15.5    196
16.5    159
17.5    95
18.5    79
19.5    53
20.5    49
21.5    22
22.5    21
23.5    13
24.5    8
25.5    5
26.5    2
27.5    2
28.5    1
29.5    2
30.5    0
