-38.5    11
-37.5    11
-36.5    20
-35.5    27
-34.5    34
-33.5    57
-32.5    74
-31.5    115
-30.5    142
-29.5    165
-28.5    206
-27.5    258
-26.5    331
-25.5    422
-24.5    502
-23.5    591
-22.5    650
-21.5    763
-20.5    888
-19.5    875
-18.5    997
-17.5    1116
-16.5    1146
-15.5    1126
-14.5    1162
-13.5    1201
-12.5    1222
-11.5    1163
-10.5    1129
-9.5    1042
-8.5    988
-7.5    945
-6.5    898
-5.5    835
-4.5    794
-3.5    718
-2.5    692
-1.5    713
-0.5    720
0.5    649
1.5    624
2.5    594
3.5    570
4.5    593
5.5    495
6.5    531
7.5    465
8.5    442
9.5    358
10.5    333
11.5    303
12.5    258
13.5    198
14.5    198
15.5    145
16.5    128
17.5    82
18.5    66
19.5    45
20.5    31
21.5    31
22.5    19
23.5    12
24.5    6
25.5    3
26.5    8
27.5    8
28.5    2
29.5    3
30.5    2
