-38.5    2
-37.5    0
-36.5    1
-35.5    1
-34.5    0
-33.5    1
-32.5    1
-31.5    2
-30.5    1
-29.5    1
-28.5    1
-27.5    3
-26.5    5
-25.5    7
-24.5    13
-23.5    14
-22.5    14
-21.5    30
-20.5    36
-19.5    57
-18.5    75
-17.5    120
-16.5    143
-15.5    190
-14.5    228
-13.5    373
-12.5    396
-11.5    481
-10.5    653
-9.5    764
-8.5    871
-7.5    1018
-6.5    1157
-5.5    1275
-4.5    1362
-3.5    1496
-2.5    1533
-1.5    1628
-0.5    1629
0.5    1659
1.5    1589
2.5    1558
3.5    1559
4.5    1462
5.5    1274
6.5    1259
7.5    1008
8.5    886
9.5    773
10.5    661
11.5    522
12.5    448
13.5    355
14.5    287
15.5    195
16.5    162
17.5    127
18.5    83
19.5    63
20.5    65
21.5    41
22.5    23
23.5    16
24.5    6
25.5    7
26.5    8
27.5    2
28.5    4
29.5    3
30.5    0
