-38.5    4
-37.5    4
-36.5    7
-35.5    7
-34.5    11
-33.5    9
-32.5    17
-31.5    20
-30.5    36
-29.5    37
-28.5    49
-27.5    68
-26.5    84
-25.5    117
-24.5    120
-23.5    123
-22.5    160
-21.5    182
-20.5    170
-19.5    224
-18.5    242
-17.5    290
-16.5    315
-15.5    369
-14.5    388
-13.5    474
-12.5    522
-11.5    601
-10.5    675
-9.5    760
-8.5    846
-7.5    923
-6.5    1028
-5.5    1151
-4.5    1257
-3.5    1371
-2.5    1423
-1.5    1435
-0.5    1507
0.5    1456
1.5    1558
2.5    1437
3.5    1394
4.5    1270
5.5    1193
6.5    1097
7.5    959
8.5    783
9.5    737
10.5    600
11.5    508
12.5    440
13.5    321
14.5    307
15.5    213
16.5    170
17.5    125
18.5    87
19.5    68
20.5    60
21.5    29
22.5    28
23.5    18
24.5    13
25.5    7
26.5    5
27.5    3
28.5    1
29.5    3
30.5    2
