-38.5    2
-37.5    2
-36.5    3
-35.5    7
-34.5    10
-33.5    7
-32.5    20
-31.5    19
-30.5    22
-29.5    29
-28.5    33
-27.5    59
-26.5    67
-25.5    78
-24.5    86
-23.5    110
-22.5    118
-21.5    145
-20.5    159
-19.5    187
-18.5    219
-17.5    265
-16.5    280
-15.5    332
-14.5    340
-13.5    426
-12.5    462
-11.5    585
-10.5    653
-9.5    766
-8.5    861
-7.5    910
-6.5    1031
-5.5    1175
-4.5    1288
-3.5    1394
-2.5    1449
-1.5    1468
-0.5    1591
0.5    1525
1.5    1551
2.5    1467
3.5    1448
4.5    1313
5.5    1259
6.5    1114
7.5    1007
8.5    824
9.5    748
10.5    593
11.5    533
12.5    432
13.5    326
14.5    308
15.5    228
16.5    149
17.5    123
18.5    82
19.5    64
20.5    51
21.5    31
22.5    26
23.5    17
24.5    8
25.5    5
26.5    6
27.5    2
28.5    2
29.5    2
30.5    2
