-38.5    13
-37.5    15
-36.5    23
-35.5    42
-34.5    41
-33.5    60
-32.5    90
-31.5    133
-30.5    159
-29.5    239
-28.5    264
-27.5    386
-26.5    391
-25.5    511
-24.5    624
-23.5    770
-22.5    822
-21.5    898
-20.5    1059
-19.5    1155
-18.5    1208
-17.5    1332
-16.5    1380
-15.5    1425
-14.5    1440
-13.5    1489
-12.5    1418
-11.5    1454
-10.5    1415
-9.5    1422
-8.5    1328
-7.5    1318
-6.5    1243
-5.5    1282
-4.5    1267
-3.5    1267
-2.5    1260
-1.5    1308
-0.5    1311
0.5    1327
1.5    1324
2.5    1222
3.5    1217
4.5    1223
5.5    1093
6.5    1076
7.5    1006
8.5    904
9.5    769
10.5    668
11.5    599
12.5    489
13.5    390
14.5    331
15.5    277
16.5    201
17.5    178
18.5    116
19.5    100
20.5    70
21.5    50
22.5    25
23.5    26
24.5    27
25.5    21
26.5    9
27.5    7
28.5    5
29.5    3
30.5    2
