-38.5    7
-37.5    14
-36.5    19
-35.5    27
-34.5    28
-33.5    47
-32.5    75
-31.5    114
-30.5    133
-29.5    174
-28.5    205
-27.5    293
-26.5    392
-25.5    446
-24.5    529
-23.5    625
-22.5    732
-21.5    865
-20.5    941
-19.5    1034
-18.5    1137
-17.5    1233
-16.5    1257
-15.5    1373
-14.5    1369
-13.5    1298
-12.5    1382
-11.5    1291
-10.5    1242
-9.5    1238
-8.5    1176
-7.5    1019
-6.5    919
-5.5    867
-4.5    769
-3.5    724
-2.5    653
-1.5    539
-0.5    495
0.5    538
1.5    490
2.5    436
3.5    397
4.5    411
5.5    364
6.5    374
7.5    273
8.5    240
9.5    265
10.5    234
11.5    175
12.5    185
13.5    122
14.5    102
15.5    104
16.5    64
17.5    62
18.5    39
19.5    35
20.5    20
21.5    21
22.5    12
23.5    4
24.5    11
25.5    3
26.5    9
27.5    2
28.5    3
29.5    2
30.5    0
