-38.5    7
-37.5    10
-36.5    21
-35.5    23
-34.5    45
-33.5    63
-32.5    66
-31.5    91
-30.5    131
-29.5    151
-28.5    198
-27.5    258
-26.5    296
-25.5    418
-24.5    466
-23.5    552
-22.5    621
-21.5    706
-20.5    799
-19.5    801
-18.5    970
-17.5    983
-16.5    1074
-15.5    1062
-14.5    1147
-13.5    1139
-12.5    1158
-11.5    1134
-10.5    1121
-9.5    1042
-8.5    987
-7.5    951
-6.5    871
-5.5    824
-4.5    812
-3.5    743
-2.5    708
-1.5    741
-0.5    754
0.5    698
1.5    716
2.5    657
3.5    646
4.5    650
5.5    580
6.5    610
7.5    547
8.5    507
9.5    421
10.5    364
11.5    328
12.5    286
13.5    214
14.5    192
15.5    150
16.5    135
17.5    93
18.5    65
19.5    52
20.5    38
21.5    25
22.5    31
23.5    11
24.5    9
25.5    7
26.5    13
27.5    8
28.5    2
29.5    2
30.5    0
