-38.5    4
-37.5    17
-36.5    16
-35.5    21
-34.5    34
-33.5    37
-32.5    67
-31.5    74
-30.5    97
-29.5    129
-28.5    146
-27.5    219
-26.5    233
-25.5    307
-24.5    364
-23.5    453
-22.5    489
-21.5    515
-20.5    615
-19.5    656
-18.5    751
-17.5    774
-16.5    801
-15.5    842
-14.5    866
-13.5    830
-12.5    869
-11.5    883
-10.5    845
-9.5    876
-8.5    862
-7.5    827
-6.5    914
-5.5    873
-4.5    909
-3.5    939
-2.5    947
-1.5    958
-0.5    998
0.5    1012
1.5    1025
2.5    974
3.5    931
4.5    894
5.5    869
6.5    831
7.5    697
8.5    636
9.5    546
10.5    463
11.5    416
12.5    367
13.5    289
14.5    242
15.5    216
16.5    137
17.5    125
18.5    84
19.5    65
20.5    42
21.5    29
22.5    22
23.5    18
24.5    19
25.5    16
26.5    6
27.5    4
28.5    4
29.5    1
30.5    3
