-38.5    6
-37.5    4
-36.5    8
-35.5    13
-34.5    22
-33.5    25
-32.5    45
-31.5    55
-30.5    60
-29.5    81
-28.5    93
-27.5    133
-26.5    147
-25.5    172
-24.5    216
-23.5    253
-22.5    268
-21.5    303
-20.5    315
-19.5    409
-18.5    409
-17.5    441
-16.5    462
-15.5    526
-14.5    545
-13.5    575
-12.5    607
-11.5    627
-10.5    683
-9.5    767
-8.5    841
-7.5    884
-6.5    994
-5.5    1057
-4.5    1089
-3.5    1136
-2.5    1231
-1.5    1309
-0.5    1321
0.5    1306
1.5    1328
2.5    1336
3.5    1244
4.5    1152
5.5    1178
6.5    1036
7.5    920
8.5    813
9.5    685
10.5    601
11.5    511
12.5    391
13.5    323
14.5    297
15.5    218
16.5    157
17.5    130
18.5    79
19.5    87
20.5    54
21.5    31
22.5    20
23.5    23
24.5    13
25.5    10
26.5    3
27.5    5
28.5    3
29.5    2
30.5    1
