-38.5    3
-37.5    10
-36.5    17
-35.5    27
-34.5    39
-33.5    54
-32.5    78
-31.5    102
-30.5    144
-29.5    210
-28.5    248
-27.5    348
-26.5    413
-25.5    520
-24.5    572
-23.5    707
-22.5    765
-21.5    945
-20.5    1099
-19.5    1282
-18.5    1320
-17.5    1375
-16.5    1450
-15.5    1467
-14.5    1513
-13.5    1524
-12.5    1591
-11.5    1498
-10.5    1430
-9.5    1341
-8.5    1205
-7.5    1048
-6.5    1006
-5.5    922
-4.5    763
-3.5    651
-2.5    577
-1.5    473
-0.5    456
0.5    419
1.5    324
2.5    249
3.5    236
4.5    207
5.5    152
6.5    159
7.5    158
8.5    163
9.5    114
10.5    101
11.5    80
12.5    75
13.5    68
14.5    42
15.5    44
16.5    29
17.5    20
18.5    16
19.5    22
20.5    10
21.5    8
22.5    7
23.5    3
24.5    4
25.5    3
26.5    3
27.5    0
28.5    5
29.5    1
30.5    1
