-38.5    6
-37.5    3
-36.5    17
-35.5    16
-34.5    20
-33.5    38
-32.5    61
-31.5    77
-30.5    87
-29.5    113
-28.5    147
-27.5    200
-26.5    243
-25.5    265
-24.5    295
-23.5    332
-22.5    374
-21.5    467
-20.5    506
-19.5    518
-18.5    586
-17.5    596
-16.5    643
-15.5    669
-14.5    741
-13.5    718
-12.5    744
-11.5    757
-10.5    817
-9.5    815
-8.5    859
-7.5    920
-6.5    891
-5.5    907
-4.5    970
-3.5    1040
-2.5    1065
-1.5    1157
-0.5    1110
0.5    1151
1.5    1147
2.5    1118
3.5    1145
4.5    1039
5.5    948
6.5    903
7.5    826
8.5    729
9.5    633
10.5    582
11.5    450
12.5    405
13.5    346
14.5    252
15.5    208
16.5    170
17.5    120
18.5    89
19.5    82
20.5    53
21.5    36
22.5    26
23.5    18
24.5    13
25.5    8
26.5    7
27.5    5
28.5    2
29.5    2
30.5    1
