-38.5    1
-37.5    2
-36.5    3
-35.5    7
-34.5    6
-33.5    6
-32.5    11
-31.5    21
-30.5    10
-29.5    29
-28.5    29
-27.5    49
-26.5    59
-25.5    52
-24.5    74
-23.5    72
-22.5    96
-21.5    117
-20.5    156
-19.5    187
-18.5    213
-17.5    251
-16.5    322
-15.5    429
-14.5    468
-13.5    595
-12.5    627
-11.5    811
-10.5    906
-9.5    1113
-8.5    1282
-7.5    1528
-6.5    1708
-5.5    1882
-4.5    1975
-3.5    2248
-2.5    2263
-1.5    2371
-0.5    2376
0.5    2431
1.5    2364
2.5    2328
3.5    2203
4.5    2066
5.5    1963
6.5    1776
7.5    1548
8.5    1337
9.5    1170
10.5    938
11.5    803
12.5    616
13.5    522
14.5    418
15.5    329
16.5    225
17.5    169
18.5    118
19.5    100
20.5    77
21.5    46
22.5    36
23.5    29
24.5    18
25.5    8
26.5    5
27.5    2
28.5    2
29.5    3
30.5    0
