-38.5    2
-37.5    1
-36.5    0
-35.5    2
-34.5    0
-33.5    4
-32.5    5
-31.5    2
-30.5    2
-29.5    5
-28.5    2
-27.5    8
-26.5    6
-25.5    16
-24.5    18
-23.5    27
-22.5    30
-21.5    51
-20.5    53
-19.5    70
-18.5    99
-17.5    137
-16.5    163
-15.5    200
-14.5    289
-13.5    362
-12.5    429
-11.5    500
-10.5    615
-9.5    769
-8.5    866
-7.5    986
-6.5    1095
-5.5    1269
-4.5    1338
-3.5    1518
-2.5    1589
-1.5    1610
-0.5    1678
0.5    1691
1.5    1640
2.5    1621
3.5    1546
4.5    1474
5.5    1319
6.5    1164
7.5    1018
8.5    949
9.5    789
10.5    725
11.5    578
12.5    466
13.5    365
14.5    254
15.5    206
16.5    181
17.5    133
18.5    84
19.5    60
20.5    44
21.5    30
22.5    26
23.5    15
24.5    9
25.5    7
26.5    4
27.5    3
28.5    4
29.5    4
30.5    1
