-38.5    2
-37.5    0
-36.5    0
-35.5    0
-34.5    0
-33.5    0
-32.5    1
-31.5    1
-30.5    2
-29.5    1
-28.5    1
-27.5    2
-26.5    6
-25.5    3
-24.5    9
-23.5    15
-22.5    18
-21.5    38
-20.5    46
-19.5    59
-18.5    79
-17.5    123
-16.5    145
-15.5    208
-14.5    255
-13.5    308
-12.5    434
-11.5    518
-10.5    643
-9.5    807
-8.5    888
-7.5    986
-6.5    1155
-5.5    1277
-4.5    1379
-3.5    1525
-2.5    1596
-1.5    1714
-0.5    1687
0.5    1713
1.5    1726
2.5    1616
3.5    1630
4.5    1406
5.5    1374
6.5    1167
7.5    1067
8.5    887
9.5    800
10.5    644
11.5    537
12.5    441
13.5    371
14.5    286
15.5    201
16.5    175
17.5    104
18.5    84
19.5    61
20.5    53
21.5    32
22.5    24
23.5    12
24.5    6
25.5    7
26.5    2
27.5    3
28.5    1
29.5    4
30.5    0
