-38.5    2
-37.5    3
-36.5    3
-35.5    6
-34.5    7
-33.5    5
-32.5    19
-31.5    23
-30.5    28
-29.5    40
-28.5    58
-27.5    70
-26.5    78
-25.5    114
-24.5    116
-23.5    172
-22.5    170
-21.5    194
-20.5    205
-19.5    235
-18.5    288
-17.5    289
-16.5    308
-15.5    373
-14.5    405
-13.5    424
-12.5    483
-11.5    596
-10.5    700
-9.5    734
-8.5    844
-7.5    930
-6.5    1107
-5.5    1208
-4.5    1268
-3.5    1365
-2.5    1413
-1.5    1577
-0.5    1609
0.5    1575
1.5    1603
2.5    1506
3.5    1411
4.5    1334
5.5    1187
6.5    1127
7.5    964
8.5    839
9.5    685
10.5    551
11.5    450
12.5    310
13.5    267
14.5    216
15.5    157
16.5    122
17.5    74
18.5    80
19.5    41
20.5    27
21.5    20
22.5    18
23.5    7
24.5    3
25.5    1
26.5    2
27.5    2
28.5    1
29.5    0
30.5    2
