-38.5    2
-37.5    7
-36.5    9
-35.5    9
-34.5    15
-33.5    33
-32.5    40
-31.5    58
-30.5    75
-29.5    85
-28.5    126
-27.5    149
-26.5    224
-25.5    242
-24.5    291
-23.5    372
-22.5    395
-21.5    455
-20.5    561
-19.5    598
-18.5    597
-17.5    668
-16.5    720
-15.5    727
-14.5    757
-13.5    730
-12.5    749
-11.5    782
-10.5    754
-9.5    763
-8.5    768
-7.5    838
-6.5    900
-5.5    968
-4.5    1019
-3.5    973
-2.5    1100
-1.5    1083
-0.5    1118
0.5    1211
1.5    1249
2.5    1149
3.5    1169
4.5    1137
5.5    1016
6.5    977
7.5    831
8.5    679
9.5    600
10.5    494
11.5    407
12.5    314
13.5    292
14.5    205
15.5    167
16.5    124
17.5    99
18.5    76
19.5    48
20.5    34
21.5    19
22.5    24
23.5    13
24.5    5
25.5    9
26.5    1
27.5    3
28.5    1
29.5    1
30.5    1
