-38.5    4
-37.5    9
-36.5    12
-35.5    10
-34.5    16
-33.5    23
-32.5    42
-31.5    48
-30.5    80
-29.5    102
-28.5    127
-27.5    124
-26.5    205
-25.5    242
-24.5    274
-23.5    308
-22.5    393
-21.5    401
-20.5    494
-19.5    487
-18.5    560
-17.5    622
-16.5    644
-15.5    652
-14.5    662
-13.5    699
-12.5    701
-11.5    713
-10.5    738
-9.5    729
-8.5    763
-7.5    875
-6.5    898
-5.5    1004
-4.5    1042
-3.5    1027
-2.5    1153
-1.5    1162
-0.5    1230
0.5    1306
1.5    1310
2.5    1183
3.5    1249
4.5    1150
5.5    1052
6.5    991
7.5    837
8.5    705
9.5    618
10.5    520
11.5    392
12.5    336
13.5    297
14.5    213
15.5    155
16.5    116
17.5    93
18.5    67
19.5    43
20.5    24
21.5    23
22.5    23
23.5    11
24.5    5
25.5    7
26.5    4
27.5    3
28.5    2
29.5    1
30.5    1
