-38.5    2
-37.5    4
-36.5    5
-35.5    9
-34.5    13
-33.5    16
-32.5    26
-31.5    30
-30.5    51
-29.5    81
-28.5    87
-27.5    115
-26.5    161
-25.5    176
-24.5    224
-23.5    244
-22.5    266
-21.5    346
-20.5    350
-19.5    386
-18.5    416
-17.5    455
-16.5    514
-15.5    543
-14.5    588
-13.5    562
-12.5    597
-11.5    628
-10.5    683
-9.5    758
-8.5    802
-7.5    884
-6.5    960
-5.5    1085
-4.5    1120
-3.5    1214
-2.5    1192
-1.5    1358
-0.5    1372
0.5    1427
1.5    1412
2.5    1389
3.5    1342
4.5    1203
5.5    1124
6.5    1006
7.5    907
8.5    763
9.5    657
10.5    524
11.5    418
12.5    371
13.5    321
14.5    188
15.5    150
16.5    116
17.5    97
18.5    59
19.5    39
20.5    28
21.5    30
22.5    19
23.5    13
24.5    6
25.5    7
26.5    7
27.5    3
28.5    2
29.5    0
30.5    2
