-38.5    5
-37.5    2
-36.5    9
-35.5    15
-34.5    28
-33.5    41
-32.5    52
-31.5    93
-30.5    122
-29.5    131
-28.5    174
-27.5    234
-26.5    326
-25.5    406
-24.5    552
-23.5    696
-22.5    807
-21.5    917
-20.5    1046
-19.5    1106
-18.5    1280
-17.5    1378
-16.5    1527
-15.5    1523
-14.5    1558
-13.5    1535
-12.5    1560
-11.5    1399
-10.5    1359
-9.5    1198
-8.5    1088
-7.5    1044
-6.5    935
-5.5    779
-4.5    740
-3.5    630
-2.5    537
-1.5    523
-0.5    459
0.5    396
1.5    372
2.5    308
3.5    320
4.5    324
5.5    290
6.5    254
7.5    244
8.5    203
9.5    189
10.5    189
11.5    171
12.5    144
13.5    108
14.5    87
15.5    60
16.5    64
17.5    45
18.5    30
19.5    22
20.5    19
21.5    16
22.5    11
23.5    7
24.5    6
25.5    5
26.5    2
27.5    5
28.5    3
29.5    2
30.5    2
