-38.5    4
-37.5    5
-36.5    4
-35.5    9
-34.5    14
-33.5    15
-32.5    21
-31.5    39
-30.5    57
-29.5    69
-28.5    81
-27.5    104
-26.5    129
-25.5    162
-24.5    203
-23.5    200
-22.5    242
-21.5    279
-20.5    338
-19.5    312
-18.5    349
-17.5    388
-16.5    439
-15.5    486
-14.5    499
-13.5    530
-12.5    576
-11.5    620
-10.5    697
-9.5    722
-8.5    789
-7.5    914
-6.5    967
-5.5    1109
-4.5    1130
-3.5    1272
-2.5    1378
-1.5    1389
-0.5    1433
0.5    1489
1.5    1502
2.5    1428
3.5    1335
4.5    1229
5.5    1190
6.5    1002
7.5    949
8.5    739
9.5    666
10.5    554
11.5    431
12.5    355
13.5    302
14.5    220
15.5    155
16.5    122
17.5    103
18.5    65
19.5    45
20.5    25
21.5    25
22.5    19
23.5    11
24.5    3
25.5    2
26.5    4
27.5    4
28.5    2
29.5    0
30.5    0
