-38.5    3
-37.5    7
-36.5    12
-35.5    12
-34.5    36
-33.5    41
-32.5    45
-31.5    50
-30.5    89
-29.5    85
-28.5    149
-27.5    192
-26.5    255
-25.5    279
-24.5    336
-23.5    409
-22.5    483
-21.5    483
-20.5    613
-19.5    641
-18.5    742
-17.5    787
-16.5    800
-15.5    780
-14.5    856
-13.5    838
-12.5    808
-11.5    800
-10.5    796
-9.5    764
-8.5    779
-7.5    855
-6.5    822
-5.5    844
-4.5    889
-3.5    914
-2.5    990
-1.5    1056
-0.5    1103
0.5    1045
1.5    1063
2.5    1095
3.5    1000
4.5    1007
5.5    916
6.5    869
7.5    775
8.5    655
9.5    618
10.5    485
11.5    366
12.5    345
13.5    285
14.5    216
15.5    174
16.5    124
17.5    98
18.5    72
19.5    66
20.5    42
21.5    20
22.5    13
23.5    12
24.5    10
25.5    5
26.5    4
27.5    4
28.5    3
29.5    5
30.5    0
