-38.5    5
-37.5    7
-36.5    11
-35.5    17
-34.5    18
-33.5    38
-32.5    44
-31.5    73
-30.5    110
-29.5    139
-28.5    202
-27.5    249
-26.5    324
-25.5    387
-24.5    505
-23.5    568
-22.5    713
-21.5    893
-20.5    952
-19.5    1066
-18.5    1130
-17.5    1229
-16.5    1284
-15.5    1307
-14.5    1315
-13.5    1364
-12.5    1322
-11.5    1269
-10.5    1285
-9.5    1129
-8.5    1011
-7.5    966
-6.5    882
-5.5    766
-4.5    746
-3.5    673
-2.5    640
-1.5    615
-0.5    553
0.5    516
1.5    553
2.5    542
3.5    489
4.5    520
5.5    490
6.5    431
7.5    395
8.5    363
9.5    324
10.5    321
11.5    256
12.5    216
13.5    185
14.5    160
15.5    117
16.5    85
17.5    73
18.5    55
19.5    35
20.5    29
21.5    21
22.5    17
23.5    8
24.5    7
25.5    6
26.5    4
27.5    0
28.5    1
29.5    0
30.5    1
