-38.5    5
-37.5    4
-36.5    9
-35.5    11
-34.5    27
-33.5    39
-32.5    52
-31.5    90
-30.5    117
-29.5    124
-28.5    168
-27.5    252
-26.5    344
-25.5    420
-24.5    547
-23.5    677
-22.5    802
-21.5    935
-20.5    1057
-19.5    1209
-18.5    1334
-17.5    1445
-16.5    1561
-15.5    1645
-14.5    1616
-13.5    1599
-12.5    1628
-11.5    1473
-10.5    1450
-9.5    1306
-8.5    1190
-7.5    1055
-6.5    961
-5.5    814
-4.5    744
-3.5    633
-2.5    558
-1.5    477
-0.5    436
0.5    361
1.5    323
2.5    294
3.5    261
4.5    240
5.5    226
6.5    202
7.5    197
8.5    171
9.5    136
10.5    129
11.5    128
12.5    98
13.5    95
14.5    75
15.5    51
16.5    58
17.5    45
18.5    26
19.5    12
20.5    14
21.5    16
22.5    9
23.5    6
24.5    3
25.5    3
26.5    3
27.5    3
28.5    3
29.5    1
30.5    1
