-38.5    4
-37.5    5
-36.5    12
-35.5    10
-34.5    22
-33.5    33
-32.5    46
-31.5    80
-30.5    115
-29.5    134
-28.5    201
-27.5    258
-26.5    320
-25.5    397
-24.5    503
-23.5    523
-22.5    693
-21.5    819
-20.5    977
-19.5    982
-18.5    1069
-17.5    1233
-16.5    1233
-15.5    1284
-14.5    1279
-13.5    1258
-12.5    1258
-11.5    1189
-10.5    1185
-9.5    1113
-8.5    974
-7.5    922
-6.5    826
-5.5    782
-4.5    756
-3.5    665
-2.5    661
-1.5    633
-0.5    564
0.5    571
1.5    609
2.5    625
3.5    552
4.5    546
5.5    525
6.5    477
7.5    461
8.5    401
9.5    354
10.5    360
11.5    278
12.5    246
13.5    192
14.5    172
15.5    128
16.5    104
17.5    82
18.5    72
19.5    39
20.5    23
21.5    23
22.5    22
23.5    11
24.5    10
25.5    4
26.5    2
27.5    1
28.5    0
29.5    0
30.5    0
