-38.5    5
-37.5    6
-36.5    10
-35.5    9
-34.5    24
-33.5    33
-32.5    53
-31.5    86
-30.5    104
-29.5    125
-28.5    174
-27.5    268
-26.5    310
-25.5    383
-24.5    473
-23.5    505
-22.5    682
-21.5    738
-20.5    926
-19.5    964
-18.5    1052
-17.5    1154
-16.5    1187
-15.5    1258
-14.5    1248
-13.5    1207
-12.5    1208
-11.5    1114
-10.5    1085
-9.5    1079
-8.5    1000
-7.5    899
-6.5    838
-5.5    762
-4.5    741
-3.5    703
-2.5    688
-1.5    656
-0.5    637
0.5    640
1.5    686
2.5    690
3.5    655
4.5    564
5.5    559
6.5    536
7.5    505
8.5    484
9.5    445
10.5    387
11.5    309
12.5    256
13.5    228
14.5    172
15.5    139
16.5    123
17.5    82
18.5    77
19.5    58
20.5    27
21.5    27
22.5    21
23.5    10
24.5    6
25.5    5
26.5    6
27.5    1
28.5    2
29.5    0
30.5    0
