-38.5    7
-37.5    6
-36.5    10
-35.5    16
-34.5    27
-33.5    44
-32.5    39
-31.5    62
-30.5    78
-29.5    106
-28.5    151
-27.5    187
-26.5    240
-25.5    317
-24.5    389
-23.5    466
-22.5    536
-21.5    531
-20.5    663
-19.5    708
-18.5    792
-17.5    827
-16.5    855
-15.5    835
-14.5    885
-13.5    910
-12.5    804
-11.5    830
-10.5    829
-9.5    795
-8.5    769
-7.5    835
-6.5    821
-5.5    782
-4.5    852
-3.5    867
-2.5    869
-1.5    979
-0.5    1018
0.5    1057
1.5    1024
2.5    1000
3.5    924
4.5    982
5.5    934
6.5    811
7.5    737
8.5    605
9.5    618
10.5    451
11.5    395
12.5    346
13.5    258
14.5    208
15.5    165
16.5    139
17.5    97
18.5    63
19.5    58
20.5    28
21.5    21
22.5    13
23.5    11
24.5    8
25.5    5
26.5    3
27.5    3
28.5    2
29.5    3
30.5    0
