-38.5    7
-37.5    5
-36.5    8
-35.5    8
-34.5    29
-33.5    35
-32.5    60
-31.5    75
-30.5    107
-29.5    136
-28.5    199
-27.5    258
-26.5    359
-25.5    455
-24.5    541
-23.5    710
-22.5    824
-21.5    958
-20.5    1133
-19.5    1299
-18.5    1426
-17.5    1489
-16.5    1522
-15.5    1661
-14.5    1661
-13.5    1642
-12.5    1691
-11.5    1540
-10.5    1529
-9.5    1395
-8.5    1275
-7.5    1101
-6.5    997
-5.5    825
-4.5    729
-3.5    646
-2.5    542
-1.5    432
-0.5    421
0.5    299
1.5    261
2.5    243
3.5    229
4.5    187
5.5    169
6.5    169
7.5    152
8.5    137
9.5    97
10.5    89
11.5    88
12.5    76
13.5    74
14.5    54
15.5    44
16.5    39
17.5    36
18.5    18
19.5    10
20.5    10
21.5    10
22.5    6
23.5    3
24.5    1
25.5    2
26.5    5
27.5    1
28.5    1
29.5    1
30.5    0
