-38.5    3
-37.5    5
-36.5    7
-35.5    17
-34.5    29
-33.5    31
-32.5    57
-31.5    69
-30.5    103
-29.5    123
-28.5    174
-27.5    229
-26.5    278
-25.5    356
-24.5    432
-23.5    485
-22.5    590
-21.5    683
-20.5    820
-19.5    941
-18.5    876
-17.5    1084
-16.5    1115
-15.5    1140
-14.5    1112
-13.5    1115
-12.5    1146
-11.5    1092
-10.5    1026
-9.5    930
-8.5    909
-7.5    870
-6.5    776
-5.5    814
-4.5    795
-3.5    754
-2.5    723
-1.5    799
-0.5    716
0.5    775
1.5    737
2.5    800
3.5    772
4.5    729
5.5    679
6.5    602
7.5    563
8.5    505
9.5    450
10.5    423
11.5    335
12.5    323
13.5    241
14.5    203
15.5    162
16.5    115
17.5    94
18.5    73
19.5    43
20.5    31
21.5    26
22.5    21
23.5    10
24.5    7
25.5    9
26.5    4
27.5    3
28.5    1
29.5    3
30.5    0
