-38.5    3
-37.5    0
-36.5    2
-35.5    5
-34.5    4
-33.5    5
-32.5    18
-31.5    25
-30.5    27
-29.5    26
-28.5    55
-27.5    63
-26.5    76
-25.5    98
-24.5    134
-23.5    135
-22.5    161
-21.5    183
-20.5    210
-19.5    269
-18.5    283
-17.5    292
-16.5    365
-15.5    402
-14.5    469
-13.5    532
-12.5    627
-11.5    814
-10.5    978
-9.5    1091
-8.5    1227
-7.5    1467
-6.5    1678
-5.5    1923
-4.5    2070
-3.5    2219
-2.5    2375
-1.5    2380
-0.5    2588
0.5    2474
1.5    2472
2.5    2326
3.5    2315
4.5    2051
5.5    1827
6.5    1717
7.5    1457
8.5    1244
9.5    1015
10.5    828
11.5    685
12.5    529
13.5    438
14.5    308
15.5    261
16.5    155
17.5    117
18.5    99
19.5    65
20.5    44
21.5    25
22.5    17
23.5    8
24.5    2
25.5    4
26.5    2
27.5    3
28.5    1
29.5    0
30.5    0
