-38.5    4
-37.5    6
-36.5    4
-35.5    10
-34.5    8
-33.5    13
-32.5    23
-31.5    40
-30.5    44
-29.5    56
-28.5    74
-27.5    91
-26.5    107
-25.5    143
-24.5    164
-23.5    177
-22.5    205
-21.5    248
-20.5    284
-19.5    270
-18.5    352
-17.5    344
-16.5    383
-15.5    426
-14.5    444
-13.5    492
-12.5    566
-11.5    597
-10.5    682
-9.5    695
-8.5    832
-7.5    944
-6.5    1003
-5.5    1136
-4.5    1167
-3.5    1332
-2.5    1461
-1.5    1513
-0.5    1514
0.5    1522
1.5    1572
2.5    1443
3.5    1333
4.5    1284
5.5    1182
6.5    1063
7.5    973
8.5    793
9.5    687
10.5    564
11.5    430
12.5    320
13.5    265
14.5    240
15.5    152
16.5    134
17.5    80
18.5    69
19.5    45
20.5    24
21.5    25
22.5    14
23.5    9
24.5    3
25.5    1
26.5    3
27.5    5
28.5    2
29.5    0
30.5    2
