-38.5    3
-37.5    6
-36.5    7
-35.5    10
-34.5    23
-33.5    36
-32.5    63
-31.5    75
-30.5    97
-29.5    133
-28.5    170
-27.5    258
-26.5    318
-25.5    387
-24.5    442
-23.5    507
-22.5    628
-21.5    715
-20.5    843
-19.5    956
-18.5    952
-17.5    1120
-16.5    1148
-15.5    1203
-14.5    1144
-13.5    1197
-12.5    1166
-11.5    1096
-10.5    1053
-9.5    1015
-8.5    953
-7.5    873
-6.5    828
-5.5    782
-4.5    747
-3.5    745
-2.5    713
-1.5    725
-0.5    679
0.5    710
1.5    717
2.5    761
3.5    712
4.5    649
5.5    630
6.5    568
7.5    534
8.5    524
9.5    484
10.5    402
11.5    336
12.5    282
13.5    236
14.5    189
15.5    148
16.5    108
17.5    84
18.5    76
19.5    54
20.5    36
21.5    31
22.5    20
23.5    8
24.5    3
25.5    7
26.5    7
27.5    1
28.5    3
29.5    1
30.5    0
