-38.5    1
-37.5    3
-36.5    1
-35.5    1
-34.5    4
-33.5    4
-32.5    7
-31.5    6
-30.5    5
-29.5    9
-28.5    10
-27.5    18
-26.5    22
-25.5    30
-24.5    32
-23.5    28
-22.5    37
-21.5    47
-20.5    70
-19.5    67
-18.5    69
-17.5    143
-16.5    131
-15.5    202
-14.5    240
-13.5    296
-12.5    391
-11.5    466
-10.5    578
-9.5    710
-8.5    855
-7.5    1035
-6.5    1146
-5.5    1284
-4.5    1466
-3.5    1550
-2.5    1763
-1.5    1756
-0.5    1855
0.5    1792
1.5    1675
2.5    1635
3.5    1572
4.5    1428
5.5    1296
6.5    1209
7.5    1100
8.5    847
9.5    771
10.5    549
11.5    490
12.5    391
13.5    312
14.5    239
15.5    167
16.5    107
17.5    96
18.5    63
19.5    50
20.5    30
21.5    20
22.5    13
23.5    7
24.5    5
25.5    1
26.5    3
27.5    0
28.5    1
29.5    0
30.5    0
