-38.5    8
-37.5    5
-36.5    14
-35.5    13
-34.5    22
-33.5    50
-32.5    50
-31.5    83
-30.5    99
-29.5    127
-28.5    179
-27.5    267
-26.5    321
-25.5    365
-24.5    493
-23.5    584
-22.5    729
-21.5    868
-20.5    948
-19.5    1154
-18.5    1178
-17.5    1220
-16.5    1330
-15.5    1368
-14.5    1445
-13.5    1412
-12.5    1396
-11.5    1276
-10.5    1300
-9.5    1165
-8.5    1058
-7.5    996
-6.5    900
-5.5    733
-4.5    723
-3.5    689
-2.5    602
-1.5    583
-0.5    506
0.5    475
1.5    513
2.5    484
3.5    462
4.5    421
5.5    401
6.5    394
7.5    357
8.5    334
9.5    281
10.5    272
11.5    212
12.5    180
13.5    182
14.5    150
15.5    102
16.5    84
17.5    73
18.5    50
19.5    37
20.5    22
21.5    22
22.5    14
23.5    7
24.5    5
25.5    6
26.5    3
27.5    1
28.5    2
29.5    0
30.5    1
