-38.5    6
-37.5    6
-36.5    8
-35.5    22
-34.5    17
-33.5    44
-32.5    39
-31.5    57
-30.5    66
-29.5    116
-28.5    142
-27.5    201
-26.5    249
-25.5    344
-24.5    413
-23.5    473
-22.5    588
-21.5    606
-20.5    670
-19.5    784
-18.5    819
-17.5    853
-16.5    903
-15.5    919
-14.5    929
-13.5    982
-12.5    916
-11.5    856
-10.5    853
-9.5    866
-8.5    793
-7.5    803
-6.5    812
-5.5    764
-4.5    832
-3.5    859
-2.5    877
-1.5    899
-0.5    905
0.5    966
1.5    979
2.5    900
3.5    945
4.5    929
5.5    871
6.5    744
7.5    704
8.5    648
9.5    602
10.5    448
11.5    409
12.5    330
13.5    248
14.5    179
15.5    171
16.5    136
17.5    87
18.5    72
19.5    40
20.5    17
21.5    28
22.5    17
23.5    10
24.5    5
25.5    6
26.5    3
27.5    4
28.5    1
29.5    1
30.5    0
