-38.5    7
-37.5    3
-36.5    13
-35.5    9
-34.5    29
-33.5    49
-32.5    56
-31.5    87
-30.5    118
-29.5    138
-28.5    175
-27.5    263
-26.5    323
-25.5    396
-24.5    514
-23.5    649
-22.5    765
-21.5    887
-20.5    1003
-19.5    1143
-18.5    1200
-17.5    1279
-16.5    1427
-15.5    1436
-14.5    1526
-13.5    1449
-12.5    1469
-11.5    1336
-10.5    1294
-9.5    1168
-8.5    1062
-7.5    1033
-6.5    913
-5.5    744
-4.5    718
-3.5    659
-2.5    558
-1.5    554
-0.5    473
0.5    412
1.5    446
2.5    402
3.5    400
4.5    379
5.5    334
6.5    337
7.5    328
8.5    259
9.5    222
10.5    240
11.5    182
12.5    167
13.5    146
14.5    124
15.5    78
16.5    68
17.5    56
18.5    45
19.5    35
20.5    20
21.5    19
22.5    14
23.5    7
24.5    7
25.5    4
26.5    2
27.5    4
28.5    1
29.5    1
30.5    1
