-38.5    1
-37.5    4
-36.5    0
-35.5    0
-34.5    2
-33.5    2
-32.5    4
-31.5    2
-30.5    1
-29.5    5
-28.5    4
-27.5    10
-26.5    19
-25.5    13
-24.5    19
-23.5    15
-22.5    19
-21.5    33
-20.5    52
-19.5    48
-18.5    61
-17.5    110
-16.5    131
-15.5    192
-14.5    236
-13.5    288
-12.5    369
-11.5    488
-10.5    602
-9.5    692
-8.5    864
-7.5    1065
-6.5    1144
-5.5    1334
-4.5    1457
-3.5    1559
-2.5    1680
-1.5    1733
-0.5    1826
0.5    1719
1.5    1685
2.5    1720
3.5    1617
4.5    1428
5.5    1291
6.5    1198
7.5    1047
8.5    876
9.5    788
10.5    587
11.5    476
12.5    388
13.5    291
14.5    240
15.5    192
16.5    115
17.5    82
18.5    51
19.5    42
20.5    22
21.5    23
22.5    18
23.5    7
24.5    5
25.5    2
26.5    2
27.5    0
28.5    1
29.5    0
30.5    0
