-38.5    9
-37.5    10
-36.5    11
-35.5    36
-34.5    35
-33.5    44
-32.5    80
-31.5    81
-30.5    149
-29.5    179
-28.5    222
-27.5    311
-26.5    373
-25.5    526
-24.5    619
-23.5    698
-22.5    893
-21.5    1015
-20.5    1127
-19.5    1261
-18.5    1297
-17.5    1389
-16.5    1543
-15.5    1519
-14.5    1541
-13.5    1559
-12.5    1563
-11.5    1521
-10.5    1359
-9.5    1356
-8.5    1265
-7.5    1227
-6.5    1209
-5.5    1196
-4.5    1247
-3.5    1203
-2.5    1226
-1.5    1276
-0.5    1234
0.5    1297
1.5    1290
2.5    1283
3.5    1274
4.5    1233
5.5    1136
6.5    1061
7.5    984
8.5    814
9.5    777
10.5    687
11.5    554
12.5    465
13.5    375
14.5    284
15.5    244
16.5    197
17.5    140
18.5    107
19.5    66
20.5    42
21.5    44
22.5    34
23.5    15
24.5    12
25.5    8
26.5    4
27.5    6
28.5    1
29.5    3
30.5    0
