-38.5    1
-37.5    1
-36.5    2
-35.5    3
-34.5    3
-33.5    5
-32.5    8
-31.5    7
-30.5    12
-29.5    10
-28.5    19
-27.5    26
-26.5    28
-25.5    49
-24.5    47
-23.5    39
-22.5    58
-21.5    57
-20.5    89
-19.5    110
-18.5    119
-17.5    152
-16.5    168
-15.5    207
-14.5    248
-13.5    337
-12.5    420
-11.5    508
-10.5    582
-9.5    726
-8.5    843
-7.5    1007
-6.5    1111
-5.5    1250
-4.5    1415
-3.5    1567
-2.5    1708
-1.5    1716
-0.5    1827
0.5    1752
1.5    1658
2.5    1588
3.5    1574
4.5    1370
5.5    1301
6.5    1181
7.5    1059
8.5    832
9.5    708
10.5    567
11.5    493
12.5    361
13.5    318
14.5    204
15.5    144
16.5    108
17.5    79
18.5    60
19.5    45
20.5    38
21.5    17
22.5    9
23.5    7
24.5    1
25.5    2
26.5    3
27.5    1
28.5    0
29.5    0
30.5    0
