-38.5    2
-37.5    6
-36.5    8
-35.5    12
-34.5    11
-33.5    25
-32.5    37
-31.5    36
-30.5    62
-29.5    95
-28.5    112
-27.5    126
-26.5    185
-25.5    211
-24.5    263
-23.5    270
-22.5    330
-21.5    405
-20.5    394
-19.5    449
-18.5    508
-17.5    563
-16.5    584
-15.5    587
-14.5    643
-13.5    610
-12.5    654
-11.5    650
-10.5    726
-9.5    739
-8.5    806
-7.5    873
-6.5    910
-5.5    1021
-4.5    1075
-3.5    1117
-2.5    1143
-1.5    1284
-0.5    1343
0.5    1374
1.5    1350
2.5    1264
3.5    1338
4.5    1176
5.5    1081
6.5    1011
7.5    836
8.5    750
9.5    646
10.5    510
11.5    404
12.5    355
13.5    309
14.5    201
15.5    154
16.5    116
17.5    74
18.5    60
19.5    39
20.5    24
21.5    30
22.5    19
23.5    15
24.5    7
25.5    8
26.5    8
27.5    3
28.5    2
29.5    0
30.5    2
