-38.5    0
-37.5    6
-36.5    9
-35.5    10
-34.5    27
-33.5    48
-32.5    37
-31.5    50
-30.5    80
-29.5    73
-28.5    141
-27.5    196
-26.5    246
-25.5    253
-24.5    327
-23.5    387
-22.5    429
-21.5    498
-20.5    552
-19.5    641
-18.5    670
-17.5    726
-16.5    762
-15.5    775
-14.5    814
-13.5    745
-12.5    795
-11.5    816
-10.5    812
-9.5    800
-8.5    804
-7.5    829
-6.5    846
-5.5    895
-4.5    963
-3.5    956
-2.5    1070
-1.5    1075
-0.5    1116
0.5    1105
1.5    1169
2.5    1136
3.5    1131
4.5    1072
5.5    982
6.5    924
7.5    814
8.5    693
9.5    602
10.5    499
11.5    388
12.5    320
13.5    290
14.5    197
15.5    177
16.5    120
17.5    85
18.5    80
19.5    58
20.5    45
21.5    16
22.5    19
23.5    18
24.5    7
25.5    9
26.5    3
27.5    3
28.5    2
29.5    2
30.5    0
