-38.5    2
-37.5    1
-36.5    3
-35.5    5
-34.5    5
-33.5    1
-32.5    4
-31.5    10
-30.5    8
-29.5    9
-28.5    20
-27.5    28
-26.5    25
-25.5    37
-24.5    46
-23.5    57
-22.5    64
-21.5    64
-20.5    80
-19.5    67
-18.5    81
-17.5    116
-16.5    103
-15.5    120
-14.5    121
-13.5    123
-12.5    141
-11.5    144
-10.5    149
-9.5    155
-8.5    184
-7.5    195
-6.5    173
-5.5    190
-4.5    211
-3.5    185
-2.5    212
-1.5    205
-0.5    222
0.5    214
1.5    206
2.5    183
3.5    179
4.5    185
5.5    147
6.5    138
7.5    140
8.5    93
9.5    116
10.5    86
11.5    60
12.5    57
13.5    57
14.5    36
15.5    37
16.5    20
17.5    20
18.5    17
19.5    17
20.5    6
21.5    7
22.5    6
23.5    3
24.5    2
25.5    3
26.5    1
27.5    1
28.5    0
29.5    1
30.5    2
