-38.5    0
-37.5    1
-36.5    1
-35.5    2
-34.5    5
-33.5    5
-32.5    5
-31.5    4
-30.5    11
-29.5    10
-28.5    6
-27.5    21
-26.5    31
-25.5    17
-24.5    39
-23.5    47
-22.5    48
-21.5    52
-20.5    42
-19.5    66
-18.5    60
-17.5    68
-16.5    86
-15.5    75
-14.5    85
-13.5    100
-12.5    135
-11.5    126
-10.5    142
-9.5    138
-8.5    176
-7.5    173
-6.5    171
-5.5    197
-4.5    210
-3.5    211
-2.5    217
-1.5    244
-0.5    218
0.5    235
1.5    239
2.5    224
3.5    209
4.5    193
5.5    166
6.5    197
7.5    138
8.5    124
9.5    113
10.5    116
11.5    74
12.5    48
13.5    40
14.5    40
15.5    38
16.5    33
17.5    12
18.5    18
19.5    12
20.5    12
21.5    5
22.5    5
23.5    7
24.5    1
25.5    2
26.5    2
27.5    2
28.5    1
29.5    0
30.5    0
