-38.5    1
-37.5    2
-36.5    1
-35.5    4
-34.5    4
-33.5    8
-32.5    6
-31.5    20
-30.5    13
-29.5    23
-28.5    22
-27.5    26
-26.5    28
-25.5    61
-24.5    52
-23.5    64
-22.5    66
-21.5    82
-20.5    100
-19.5    108
-18.5    115
-17.5    129
-16.5    130
-15.5    164
-14.5    138
-13.5    164
-12.5    154
-11.5    140
-10.5    151
-9.5    176
-8.5    157
-7.5    163
-6.5    160
-5.5    192
-4.5    204
-3.5    154
-2.5    180
-1.5    184
-0.5    176
0.5    193
1.5    197
2.5    160
3.5    147
4.5    161
5.5    136
6.5    100
7.5    113
8.5    104
9.5    88
10.5    74
11.5    59
12.5    43
13.5    44
14.5    36
15.5    20
16.5    17
17.5    12
18.5    7
19.5    8
20.5    9
21.5    7
22.5    6
23.5    4
24.5    4
25.5    1
26.5    1
27.5    0
28.5    0
29.5    0
30.5    0
