-38.5    1
-37.5    0
-36.5    3
-35.5    3
-34.5    2
-33.5    2
-32.5    4
-31.5    7
-30.5    9
-29.5    7
-28.5    9
-27.5    15
-26.5    22
-25.5    21
-24.5    24
-23.5    31
-22.5    35
-21.5    34
-20.5    43
-19.5    57
-18.5    89
-17.5    90
-16.5    100
-15.5    110
-14.5    113
-13.5    126
-12.5    155
-11.5    187
-10.5    185
-9.5    205
-8.5    219
-7.5    230
-6.5    298
-5.5    290
-4.5    311
-3.5    313
-2.5    400
-1.5    351
-0.5    340
0.5    385
1.5    346
2.5    355
3.5    337
4.5    322
5.5    286
6.5    282
7.5    260
8.5    209
9.5    203
10.5    153
11.5    121
12.5    105
13.5    90
14.5    67
15.5    63
16.5    47
17.5    26
18.5    23
19.5    15
20.5    10
21.5    9
22.5    10
23.5    5
24.5    6
25.5    2
26.5    4
27.5    1
28.5    0
29.5    0
30.5    1
