-38.5    1
-37.5    1
-36.5    3
-35.5    7
-34.5    8
-33.5    6
-32.5    11
-31.5    17
-30.5    24
-29.5    32
-28.5    51
-27.5    54
-26.5    67
-25.5    83
-24.5    99
-23.5    108
-22.5    127
-21.5    158
-20.5    186
-19.5    181
-18.5    185
-17.5    188
-16.5    236
-15.5    207
-14.5    237
-13.5    247
-12.5    229
-11.5    240
-10.5    216
-9.5    228
-8.5    193
-7.5    162
-6.5    186
-5.5    155
-4.5    145
-3.5    148
-2.5    119
-1.5    92
-0.5    112
0.5    71
1.5    87
2.5    65
3.5    68
4.5    60
5.5    54
6.5    57
7.5    52
8.5    45
9.5    29
10.5    29
11.5    24
12.5    20
13.5    20
14.5    14
15.5    8
16.5    8
17.5    4
18.5    3
19.5    3
20.5    1
21.5    2
22.5    2
23.5    1
24.5    1
25.5    0
26.5    0
27.5    0
28.5    0
29.5    0
30.5    0
