-38.5    0
-37.5    4
-36.5    7
-35.5    10
-34.5    10
-33.5    13
-32.5    13
-31.5    23
-30.5    25
-29.5    31
-28.5    46
-27.5    59
-26.5    78
-25.5    89
-24.5    107
-23.5    136
-22.5    149
-21.5    187
-20.5    182
-19.5    193
-18.5    208
-17.5    217
-16.5    259
-15.5    235
-14.5    244
-13.5    240
-12.5    270
-11.5    272
-10.5    223
-9.5    224
-8.5    219
-7.5    193
-6.5    196
-5.5    176
-4.5    154
-3.5    121
-2.5    90
-1.5    79
-0.5    78
0.5    69
1.5    73
2.5    36
3.5    46
4.5    37
5.5    34
6.5    33
7.5    19
8.5    24
9.5    13
10.5    13
11.5    11
12.5    14
13.5    10
14.5    5
15.5    4
16.5    6
17.5    4
18.5    2
19.5    3
20.5    0
21.5    2
22.5    1
23.5    0
24.5    0
25.5    1
26.5    1
27.5    0
28.5    0
29.5    1
30.5    0
