-38.5    0
-37.5    3
-36.5    2
-35.5    2
-34.5    4
-33.5    5
-32.5    12
-31.5    17
-30.5    13
-29.5    23
-28.5    27
-27.5    48
-26.5    37
-25.5    51
-24.5    57
-23.5    76
-22.5    95
-21.5    83
-20.5    105
-19.5    119
-18.5    114
-17.5    129
-16.5    149
-15.5    157
-14.5    146
-13.5    164
-12.5    147
-11.5    185
-10.5    160
-9.5    175
-8.5    182
-7.5    171
-6.5    162
-5.5    168
-4.5    177
-3.5    161
-2.5    169
-1.5    168
-0.5    164
0.5    159
1.5    155
2.5    134
3.5    151
4.5    130
5.5    152
6.5    114
7.5    99
8.5    87
9.5    71
10.5    72
11.5    57
12.5    46
13.5    35
14.5    30
15.5    21
16.5    20
17.5    11
18.5    13
19.5    7
20.5    7
21.5    6
22.5    2
23.5    3
24.5    2
25.5    3
26.5    1
27.5    1
28.5    0
29.5    1
30.5    0
