-38.5    0
-37.5    6
-36.5    4
-35.5    6
-34.5    11
-33.5    15
-32.5    11
-31.5    26
-30.5    24
-29.5    37
-28.5    43
-27.5    46
-26.5    65
-25.5    61
-24.5    92
-23.5    102
-22.5    125
-21.5    152
-20.5    162
-19.5    184
-18.5    199
-17.5    188
-16.5    222
-15.5    197
-14.5    230
-13.5    229
-12.5    240
-11.5    215
-10.5    220
-9.5    220
-8.5    186
-7.5    180
-6.5    154
-5.5    159
-4.5    141
-3.5    141
-2.5    114
-1.5    114
-0.5    103
0.5    93
1.5    93
2.5    78
3.5    79
4.5    67
5.5    76
6.5    52
7.5    45
8.5    50
9.5    48
10.5    38
11.5    24
12.5    27
13.5    23
14.5    15
15.5    14
16.5    15
17.5    11
18.5    6
19.5    5
20.5    10
21.5    3
22.5    2
23.5    0
24.5    0
25.5    1
26.5    2
27.5    0
28.5    0
29.5    0
30.5    0
