-38.5    3
-37.5    1
-36.5    3
-35.5    6
-34.5    6
-33.5    2
-32.5    5
-31.5    12
-30.5    12
-29.5    11
-28.5    22
-27.5    25
-26.5    24
-25.5    40
-24.5    48
-23.5    48
-22.5    67
-21.5    68
-20.5    80
-19.5    85
-18.5    76
-17.5    109
-16.5    127
-15.5    130
-14.5    137
-13.5    114
-12.5    131
-11.5    154
-10.5    140
-9.5    177
-8.5    185
-7.5    163
-6.5    165
-5.5    190
-4.5    194
-3.5    202
-2.5    204
-1.5    180
-0.5    189
0.5    207
1.5    202
2.5    192
3.5    176
4.5    173
5.5    149
6.5    131
7.5    143
8.5    110
9.5    101
10.5    83
11.5    63
12.5    49
13.5    59
14.5    39
15.5    38
16.5    24
17.5    22
18.5    14
19.5    17
20.5    7
21.5    6
22.5    5
23.5    4
24.5    2
25.5    4
26.5    4
27.5    1
28.5    0
29.5    0
30.5    2
