-38.5    1
-37.5    5
-36.5    0
-35.5    8
-34.5    8
-33.5    9
-32.5    8
-31.5    20
-30.5    14
-29.5    24
-28.5    46
-27.5    63
-26.5    62
-25.5    79
-24.5    80
-23.5    96
-22.5    99
-21.5    121
-20.5    147
-19.5    154
-18.5    205
-17.5    183
-16.5    216
-15.5    182
-14.5    214
-13.5    207
-12.5    216
-11.5    215
-10.5    188
-9.5    208
-8.5    187
-7.5    176
-6.5    160
-5.5    162
-4.5    127
-3.5    134
-2.5    134
-1.5    122
-0.5    145
0.5    114
1.5    110
2.5    105
3.5    91
4.5    82
5.5    77
6.5    70
7.5    68
8.5    53
9.5    43
10.5    62
11.5    31
12.5    44
13.5    22
14.5    17
15.5    19
16.5    14
17.5    14
18.5    9
19.5    6
20.5    4
21.5    6
22.5    2
23.5    1
24.5    0
25.5    0
26.5    0
27.5    1
28.5    0
29.5    1
30.5    0
