-38.5    3
-37.5    2
-36.5    0
-35.5    1
-34.5    0
-33.5    1
-32.5    6
-31.5    3
-30.5    6
-29.5    14
-28.5    14
-27.5    16
-26.5    17
-25.5    18
-24.5    29
-23.5    51
-22.5    32
-21.5    37
-20.5    48
-19.5    46
-18.5    65
-17.5    74
-16.5    76
-15.5    79
-14.5    97
-13.5    99
-12.5    135
-11.5    100
-10.5    146
-9.5    155
-8.5    146
-7.5    173
-6.5    178
-5.5    202
-4.5    217
-3.5    198
-2.5    224
-1.5    217
-0.5    247
0.5    219
1.5    243
2.5    220
3.5    193
4.5    176
5.5    178
6.5    165
7.5    146
8.5    129
9.5    129
10.5    94
11.5    98
12.5    68
13.5    55
14.5    45
15.5    36
16.5    35
17.5    19
18.5    18
19.5    7
20.5    8
21.5    6
22.5    4
23.5    3
24.5    1
25.5    0
26.5    1
27.5    0
28.5    1
29.5    0
30.5    0
