-38.5    0
-37.5    2
-36.5    1
-35.5    5
-34.5    7
-33.5    9
-32.5    16
-31.5    12
-30.5    31
-29.5    21
-28.5    37
-27.5    39
-26.5    60
-25.5    69
-24.5    108
-23.5    85
-22.5    119
-21.5    134
-20.5    116
-19.5    152
-18.5    175
-17.5    197
-16.5    169
-15.5    195
-14.5    197
-13.5    209
-12.5    190
-11.5    220
-10.5    186
-9.5    193
-8.5    185
-7.5    186
-6.5    175
-5.5    155
-4.5    159
-3.5    133
-2.5    142
-1.5    140
-0.5    134
0.5    119
1.5    120
2.5    98
3.5    102
4.5    82
5.5    81
6.5    78
7.5    65
8.5    81
9.5    64
10.5    48
11.5    48
12.5    28
13.5    22
14.5    21
15.5    24
16.5    19
17.5    9
18.5    13
19.5    11
20.5    2
21.5    2
22.5    2
23.5    1
24.5    1
25.5    1
26.5    1
27.5    1
28.5    0
29.5    0
30.5    0
