-38.5    0
-37.5    0
-36.5    0
-35.5    1
-34.5    0
-33.5    3
-32.5    1
-31.5    6
-30.5    3
-29.5    8
-28.5    6
-27.5    11
-26.5    13
-25.5    8
-24.5    17
-23.5    27
-22.5    28
-21.5    18
-20.5    31
-19.5    25
-18.5    33
-17.5    57
-16.5    47
-15.5    63
-14.5    87
-13.5    62
-12.5    87
-11.5    95
-10.5    105
-9.5    135
-8.5    148
-7.5    170
-6.5    194
-5.5    196
-4.5    227
-3.5    211
-2.5    213
-1.5    242
-0.5    214
0.5    221
1.5    255
2.5    247
3.5    220
4.5    201
5.5    202
6.5    165
7.5    154
8.5    130
9.5    122
10.5    112
11.5    80
12.5    78
13.5    60
14.5    37
15.5    34
16.5    23
17.5    16
18.5    22
19.5    20
20.5    8
21.5    12
22.5    9
23.5    3
24.5    2
25.5    4
26.5    2
27.5    0
28.5    0
29.5    0
30.5    0
