-38.5    1
-37.5    2
-36.5    3
-35.5    5
-34.5    4
-33.5    8
-32.5    13
-31.5    13
-30.5    14
-29.5    20
-28.5    22
-27.5    27
-26.5    31
-25.5    44
-24.5    49
-23.5    50
-22.5    59
-21.5    86
-20.5    100
-19.5    95
-18.5    111
-17.5    113
-16.5    108
-15.5    130
-14.5    158
-13.5    140
-12.5    139
-11.5    172
-10.5    153
-9.5    152
-8.5    171
-7.5    159
-6.5    183
-5.5    184
-4.5    168
-3.5    192
-2.5    195
-1.5    181
-0.5    178
0.5    194
1.5    167
2.5    171
3.5    195
4.5    156
5.5    156
6.5    105
7.5    98
8.5    122
9.5    111
10.5    96
11.5    58
12.5    57
13.5    55
14.5    40
15.5    42
16.5    28
17.5    16
18.5    7
19.5    11
20.5    7
21.5    5
22.5    6
23.5    3
24.5    1
25.5    1
26.5    0
27.5    2
28.5    0
29.5    1
30.5    0
