-38.5    1
-37.5    4
-36.5    3
-35.5    2
-34.5    9
-33.5    13
-32.5    21
-31.5    18
-30.5    25
-29.5    28
-28.5    32
-27.5    52
-26.5    65
-25.5    75
-24.5    111
-23.5    105
-22.5    110
-21.5    174
-20.5    177
-19.5    169
-18.5    192
-17.5    215
-16.5    239
-15.5    251
-14.5    224
-13.5    261
-12.5    215
-11.5    238
-10.5    212
-9.5    217
-8.5    200
-7.5    179
-6.5    196
-5.5    170
-4.5    142
-3.5    149
-2.5    140
-1.5    106
-0.5    109
0.5    77
1.5    87
2.5    83
3.5    69
4.5    74
5.5    56
6.5    49
7.5    49
8.5    38
9.5    37
10.5    34
11.5    26
12.5    16
13.5    25
14.5    12
15.5    14
16.5    11
17.5    9
18.5    3
19.5    6
20.5    3
21.5    0
22.5    3
23.5    2
24.5    1
25.5    0
26.5    0
27.5    0
28.5    0
29.5    1
30.5    0
