-38.5    0
-37.5    1
-36.5    1
-35.5    3
-34.5    1
-33.5    1
-32.5    3
-31.5    7
-30.5    6
-29.5    5
-28.5    7
-27.5    9
-26.5    8
-25.5    11
-24.5    11
-23.5    15
-22.5    26
-21.5    16
-20.5    24
-19.5    39
-18.5    47
-17.5    56
-16.5    62
-15.5    60
-14.5    65
-13.5    73
-12.5    107
-11.5    104
-10.5    119
-9.5    121
-8.5    175
-7.5    172
-6.5    196
-5.5    162
-4.5    218
-3.5    223
-2.5    245
-1.5    218
-0.5    229
0.5    241
1.5    253
2.5    252
3.5    224
4.5    229
5.5    213
6.5    175
7.5    168
8.5    142
9.5    139
10.5    96
11.5    87
12.5    60
13.5    73
14.5    48
15.5    49
16.5    22
17.5    34
18.5    15
19.5    14
20.5    8
21.5    9
22.5    4
23.5    5
24.5    5
25.5    3
26.5    3
27.5    2
28.5    1
29.5    1
30.5    1
