-38.5    1
-37.5    4
-36.5    8
-35.5    7
-34.5    9
-33.5    10
-32.5    13
-31.5    17
-30.5    26
-29.5    38
-28.5    56
-27.5    62
-26.5    89
-25.5    81
-24.5    109
-23.5    143
-22.5    150
-21.5    169
-20.5    182
-19.5    216
-18.5    233
-17.5    209
-16.5    244
-15.5    248
-14.5    251
-13.5    266
-12.5    262
-11.5    244
-10.5    209
-9.5    221
-8.5    206
-7.5    163
-6.5    171
-5.5    161
-4.5    147
-3.5    106
-2.5    88
-1.5    78
-0.5    77
0.5    73
1.5    61
2.5    43
3.5    48
4.5    45
5.5    38
6.5    29
7.5    23
8.5    25
9.5    23
10.5    19
11.5    11
12.5    12
13.5    11
14.5    8
15.5    5
16.5    4
17.5    3
18.5    4
19.5    2
20.5    1
21.5    0
22.5    2
23.5    0
24.5    1
25.5    1
26.5    1
27.5    0
28.5    0
29.5    2
30.5    0
