-38.5    1
-37.5    1
-36.5    1
-35.5    5
-34.5    5
-33.5    11
-32.5    11
-31.5    18
-30.5    27
-29.5    28
-28.5    37
-27.5    52
-26.5    45
-25.5    66
-24.5    91
-23.5    86
-22.5    102
-21.5    115
-20.5    121
-19.5    172
-18.5    148
-17.5    166
-16.5    176
-15.5    165
-14.5    197
-13.5    193
-12.5    183
-11.5    177
-10.5    155
-9.5    190
-8.5    155
-7.5    189
-6.5    176
-5.5    126
-4.5    128
-3.5    151
-2.5    123
-1.5    151
-0.5    112
0.5    127
1.5    114
2.5    126
3.5    110
4.5    108
5.5    97
6.5    79
7.5    66
8.5    75
9.5    62
10.5    54
11.5    44
12.5    49
13.5    47
14.5    22
15.5    23
16.5    21
17.5    11
18.5    11
19.5    6
20.5    5
21.5    2
22.5    1
23.5    3
24.5    1
25.5    2
26.5    1
27.5    1
28.5    1
29.5    0
30.5    1
