-38.5    0
-37.5    1
-36.5    0
-35.5    2
-34.5    0
-33.5    2
-32.5    0
-31.5    7
-30.5    5
-29.5    5
-28.5    5
-27.5    13
-26.5    7
-25.5    4
-24.5    16
-23.5    20
-22.5    28
-21.5    17
-20.5    23
-19.5    34
-18.5    37
-17.5    54
-16.5    45
-15.5    57
-14.5    87
-13.5    62
-12.5    95
-11.5    92
-10.5    98
-9.5    119
-8.5    164
-7.5    171
-6.5    204
-5.5    171
-4.5    219
-3.5    222
-2.5    231
-1.5    235
-0.5    237
0.5    241
1.5    238
2.5    263
3.5    212
4.5    199
5.5    199
6.5    163
7.5    166
8.5    141
9.5    132
10.5    108
11.5    97
12.5    70
13.5    69
14.5    36
15.5    37
16.5    24
17.5    26
18.5    21
19.5    21
20.5    12
21.5    13
22.5    6
23.5    3
24.5    4
25.5    5
26.5    2
27.5    1
28.5    1
29.5    1
30.5    0
