-38.5    0
-37.5    1
-36.5    1
-35.5    1
-34.5    3
-33.5    0
-32.5    1
-31.5    5
-30.5    7
-29.5    4
-28.5    8
-27.5    12
-26.5    16
-25.5    15
-24.5    22
-23.5    29
-22.5    34
-21.5    25
-20.5    65
-19.5    49
-18.5    58
-17.5    63
-16.5    63
-15.5    83
-14.5    85
-13.5    73
-12.5    102
-11.5    116
-10.5    150
-9.5    134
-8.5    161
-7.5    174
-6.5    191
-5.5    204
-4.5    206
-3.5    228
-2.5    235
-1.5    239
-0.5    239
0.5    229
1.5    229
2.5    235
3.5    221
4.5    223
5.5    165
6.5    177
7.5    153
8.5    125
9.5    132
10.5    108
11.5    90
12.5    73
13.5    64
14.5    46
15.5    30
16.5    26
17.5    15
18.5    16
19.5    5
20.5    5
21.5    6
22.5    7
23.5    2
24.5    2
25.5    3
26.5    1
27.5    1
28.5    0
29.5    0
30.5    0
