-38.5    3
-37.5    1
-36.5    2
-35.5    6
-34.5    11
-33.5    13
-32.5    18
-31.5    22
-30.5    21
-29.5    35
-28.5    46
-27.5    56
-26.5    74
-25.5    75
-24.5    106
-23.5    123
-22.5    139
-21.5    145
-20.5    173
-19.5    192
-18.5    205
-17.5    233
-16.5    259
-15.5    258
-14.5    281
-13.5    255
-12.5    303
-11.5    251
-10.5    222
-9.5    199
-8.5    197
-7.5    196
-6.5    173
-5.5    162
-4.5    152
-3.5    111
-2.5    115
-1.5    88
-0.5    70
0.5    73
1.5    49
2.5    53
3.5    41
4.5    49
5.5    32
6.5    29
7.5    22
8.5    21
9.5    22
10.5    22
11.5    14
12.5    10
13.5    10
14.5    9
15.5    3
16.5    8
17.5    3
18.5    7
19.5    3
20.5    1
21.5    1
22.5    1
23.5    1
24.5    0
25.5    2
26.5    0
27.5    0
28.5    0
29.5    0
30.5    2
