-38.5    2
-37.5    2
-36.5    2
-35.5    8
-34.5    6
-33.5    10
-32.5    13
-31.5    14
-30.5    29
-29.5    37
-28.5    39
-27.5    43
-26.5    69
-25.5    82
-24.5    97
-23.5    129
-22.5    125
-21.5    139
-20.5    180
-19.5    162
-18.5    190
-17.5    213
-16.5    219
-15.5    210
-14.5    235
-13.5    249
-12.5    249
-11.5    251
-10.5    243
-9.5    227
-8.5    213
-7.5    194
-6.5    137
-5.5    143
-4.5    134
-3.5    130
-2.5    122
-1.5    81
-0.5    93
0.5    84
1.5    82
2.5    70
3.5    65
4.5    62
5.5    42
6.5    47
7.5    32
8.5    37
9.5    31
10.5    28
11.5    20
12.5    11
13.5    10
14.5    17
15.5    9
16.5    9
17.5    5
18.5    8
19.5    3
20.5    0
21.5    0
22.5    1
23.5    2
24.5    0
25.5    2
26.5    0
27.5    1
28.5    0
29.5    1
30.5    0
