-38.5    1
-37.5    3
-36.5    1
-35.5    3
-34.5    8
-33.5    13
-32.5    7
-31.5    11
-30.5    22
-29.5    17
-28.5    38
-27.5    40
-26.5    53
-25.5    65
-24.5    80
-23.5    87
-22.5    111
-21.5    104
-20.5    127
-19.5    118
-18.5    149
-17.5    146
-16.5    160
-15.5    156
-14.5    177
-13.5    160
-12.5    199
-11.5    171
-10.5    159
-9.5    170
-8.5    171
-7.5    152
-6.5    179
-5.5    195
-4.5    169
-3.5    156
-2.5    165
-1.5    148
-0.5    146
0.5    168
1.5    143
2.5    121
3.5    144
4.5    110
5.5    121
6.5    94
7.5    86
8.5    85
9.5    60
10.5    61
11.5    46
12.5    30
13.5    55
14.5    25
15.5    26
16.5    23
17.5    19
18.5    14
19.5    7
20.5    13
21.5    6
22.5    0
23.5    1
24.5    2
25.5    0
26.5    0
27.5    1
28.5    0
29.5    0
30.5    0
