-38.5    1
-37.5    1
-36.5    4
-35.5    2
-34.5    4
-33.5    5
-32.5    7
-31.5    17
-30.5    13
-29.5    9
-28.5    23
-27.5    32
-26.5    44
-25.5    44
-24.5    61
-23.5    77
-22.5    88
-21.5    86
-20.5    116
-19.5    114
-18.5    135
-17.5    151
-16.5    127
-15.5    159
-14.5    159
-13.5    201
-12.5    196
-11.5    195
-10.5    241
-9.5    208
-8.5    254
-7.5    260
-6.5    273
-5.5    289
-4.5    298
-3.5    285
-2.5    310
-1.5    320
-0.5    354
0.5    366
1.5    335
2.5    279
3.5    268
4.5    253
5.5    226
6.5    215
7.5    209
8.5    168
9.5    175
10.5    130
11.5    107
12.5    94
13.5    73
14.5    67
15.5    45
16.5    26
17.5    24
18.5    20
19.5    25
20.5    16
21.5    7
22.5    10
23.5    6
24.5    2
25.5    5
26.5    1
27.5    0
28.5    1
29.5    1
30.5    0
