-38.5    0
-37.5    0
-36.5    0
-35.5    0
-34.5    0
-33.5    1
-32.5    2
-31.5    5
-30.5    5
-29.5    3
-28.5    8
-27.5    10
-26.5    13
-25.5    16
-24.5    18
-23.5    23
-22.5    35
-21.5    28
-20.5    29
-19.5    25
-18.5    39
-17.5    47
-16.5    53
-15.5    56
-14.5    74
-13.5    75
-12.5    78
-11.5    98
-10.5    118
-9.5    153
-8.5    152
-7.5    167
-6.5    192
-5.5    193
-4.5    208
-3.5    206
-2.5    227
-1.5    244
-0.5    227
0.5    243
1.5    279
2.5    229
3.5    224
4.5    233
5.5    212
6.5    186
7.5    128
8.5    128
9.5    123
10.5    95
11.5    60
12.5    90
13.5    58
14.5    52
15.5    49
16.5    24
17.5    21
18.5    15
19.5    19
20.5    11
21.5    8
22.5    6
23.5    3
24.5    1
25.5    2
26.5    2
27.5    2
28.5    1
29.5    0
30.5    0
