-38.5    1
-37.5    2
-36.5    6
-35.5    4
-34.5    12
-33.5    12
-32.5    13
-31.5    15
-30.5    24
-29.5    16
-28.5    39
-27.5    36
-26.5    58
-25.5    51
-24.5    81
-23.5    87
-22.5    84
-21.5    104
-20.5    115
-19.5    164
-18.5    160
-17.5    167
-16.5    144
-15.5    177
-14.5    169
-13.5    160
-12.5    202
-11.5    173
-10.5    170
-9.5    189
-8.5    189
-7.5    168
-6.5    150
-5.5    157
-4.5    170
-3.5    156
-2.5    167
-1.5    146
-0.5    174
0.5    139
1.5    122
2.5    140
3.5    111
4.5    138
5.5    106
6.5    95
7.5    83
8.5    75
9.5    59
10.5    55
11.5    53
12.5    33
13.5    31
14.5    29
15.5    18
16.5    17
17.5    15
18.5    6
19.5    11
20.5    6
21.5    0
22.5    1
23.5    1
24.5    1
25.5    3
26.5    0
27.5    1
28.5    1
29.5    0
30.5    0
