-38.5    1
-37.5    6
-36.5    6
-35.5    4
-34.5    8
-33.5    12
-32.5    14
-31.5    29
-30.5    20
-29.5    27
-28.5    36
-27.5    47
-26.5    59
-25.5    69
-24.5    86
-23.5    100
-22.5    120
-21.5    160
-20.5    185
-19.5    189
-18.5    208
-17.5    208
-16.5    226
-15.5    247
-14.5    238
-13.5    222
-12.5    231
-11.5    243
-10.5    212
-9.5    233
-8.5    210
-7.5    183
-6.5    181
-5.5    181
-4.5    139
-3.5    130
-2.5    133
-1.5    110
-0.5    106
0.5    86
1.5    81
2.5    74
3.5    70
4.5    65
5.5    68
6.5    53
7.5    56
8.5    53
9.5    49
10.5    37
11.5    25
12.5    21
13.5    16
14.5    12
15.5    14
16.5    14
17.5    6
18.5    7
19.5    5
20.5    10
21.5    2
22.5    1
23.5    1
24.5    1
25.5    0
26.5    0
27.5    0
28.5    0
29.5    0
30.5    0
