-38.5    0
-37.5    4
-36.5    1
-35.5    5
-34.5    5
-33.5    7
-32.5    14
-31.5    15
-30.5    23
-29.5    19
-28.5    43
-27.5    47
-26.5    63
-25.5    78
-24.5    97
-23.5    91
-22.5    94
-21.5    122
-20.5    128
-19.5    142
-18.5    188
-17.5    192
-16.5    186
-15.5    204
-14.5    208
-13.5    202
-12.5    196
-11.5    215
-10.5    174
-9.5    193
-8.5    174
-7.5    173
-6.5    171
-5.5    137
-4.5    158
-3.5    134
-2.5    143
-1.5    148
-0.5    130
0.5    125
1.5    118
2.5    114
3.5    90
4.5    95
5.5    79
6.5    74
7.5    61
8.5    67
9.5    47
10.5    56
11.5    38
12.5    43
13.5    22
14.5    24
15.5    20
16.5    16
17.5    12
18.5    13
19.5    6
20.5    1
21.5    3
22.5    0
23.5    1
24.5    0
25.5    0
26.5    1
27.5    0
28.5    0
29.5    0
30.5    0
