-38.5    0
-37.5    4
-36.5    1
-35.5    5
-34.5    11
-33.5    12
-32.5    14
-31.5    23
-30.5    29
-29.5    23
-28.5    44
-27.5    61
-26.5    71
-25.5    88
-24.5    98
-23.5    110
-22.5    165
-21.5    142
-20.5    168
-19.5    192
-18.5    186
-17.5    197
-16.5    232
-15.5    231
-14.5    250
-13.5    247
-12.5    237
-11.5    286
-10.5    243
-9.5    296
-8.5    260
-7.5    241
-6.5    246
-5.5    261
-4.5    245
-3.5    241
-2.5    236
-1.5    248
-0.5    237
0.5    226
1.5    219
2.5    199
3.5    205
4.5    178
5.5    189
6.5    179
7.5    160
8.5    126
9.5    89
10.5    111
11.5    70
12.5    72
13.5    44
14.5    42
15.5    33
16.5    27
17.5    18
18.5    22
19.5    9
20.5    13
21.5    5
22.5    2
23.5    2
24.5    4
25.5    1
26.5    2
27.5    3
28.5    2
29.5    1
30.5    0
