-38.5    1
-37.5    2
-36.5    3
-35.5    6
-34.5    5
-33.5    7
-32.5    7
-31.5    16
-30.5    11
-29.5    30
-28.5    28
-27.5    32
-26.5    38
-25.5    50
-24.5    64
-23.5    68
-22.5    58
-21.5    102
-20.5    103
-19.5    96
-18.5    117
-17.5    134
-16.5    135
-15.5    143
-14.5    145
-13.5    158
-12.5    169
-11.5    132
-10.5    165
-9.5    157
-8.5    162
-7.5    143
-6.5    169
-5.5    171
-4.5    188
-3.5    158
-2.5    167
-1.5    184
-0.5    153
0.5    197
1.5    180
2.5    155
3.5    157
4.5    166
5.5    118
6.5    118
7.5    99
8.5    89
9.5    77
10.5    76
11.5    66
12.5    42
13.5    42
14.5    28
15.5    22
16.5    21
17.5    12
18.5    10
19.5    8
20.5    5
21.5    6
22.5    5
23.5    2
24.5    2
25.5    0
26.5    3
27.5    0
28.5    0
29.5    0
30.5    0
