-38.5    2
-37.5    3
-36.5    2
-35.5    3
-34.5    5
-33.5    8
-32.5    7
-31.5    13
-30.5    28
-29.5    35
-28.5    32
-27.5    47
-26.5    37
-25.5    56
-24.5    83
-23.5    88
-22.5    97
-21.5    109
-20.5    113
-19.5    166
-18.5    151
-17.5    160
-16.5    175
-15.5    188
-14.5    171
-13.5    196
-12.5    182
-11.5    165
-10.5    162
-9.5    185
-8.5    168
-7.5    188
-6.5    161
-5.5    144
-4.5    142
-3.5    164
-2.5    145
-1.5    142
-0.5    113
0.5    131
1.5    127
2.5    127
3.5    115
4.5    107
5.5    100
6.5    84
7.5    79
8.5    70
9.5    69
10.5    55
11.5    39
12.5    43
13.5    38
14.5    24
15.5    15
16.5    24
17.5    12
18.5    12
19.5    7
20.5    6
21.5    1
22.5    3
23.5    5
24.5    1
25.5    1
26.5    1
27.5    1
28.5    1
29.5    0
30.5    0
