-38.5    1
-37.5    6
-36.5    4
-35.5    9
-34.5    8
-33.5    5
-32.5    11
-31.5    15
-30.5    15
-29.5    34
-28.5    41
-27.5    36
-26.5    55
-25.5    89
-24.5    79
-23.5    100
-22.5    146
-21.5    133
-20.5    150
-19.5    171
-18.5    181
-17.5    187
-16.5    204
-15.5    226
-14.5    200
-13.5    202
-12.5    214
-11.5    226
-10.5    205
-9.5    184
-8.5    194
-7.5    169
-6.5    165
-5.5    165
-4.5    136
-3.5    164
-2.5    114
-1.5    98
-0.5    94
0.5    125
1.5    90
2.5    88
3.5    78
4.5    67
5.5    78
6.5    63
7.5    54
8.5    60
9.5    45
10.5    33
11.5    33
12.5    25
13.5    19
14.5    11
15.5    15
16.5    9
17.5    6
18.5    4
19.5    4
20.5    4
21.5    1
22.5    2
23.5    2
24.5    1
25.5    0
26.5    3
27.5    0
28.5    0
29.5    0
30.5    1
