-38.5    0
-37.5    0
-36.5    1
-35.5    0
-34.5    1
-33.5    2
-32.5    0
-31.5    3
-30.5    3
-29.5    0
-28.5    4
-27.5    8
-26.5    5
-25.5    11
-24.5    8
-23.5    14
-22.5    23
-21.5    19
-20.5    20
-19.5    36
-18.5    38
-17.5    50
-16.5    53
-15.5    53
-14.5    71
-13.5    69
-12.5    83
-11.5    105
-10.5    127
-9.5    144
-8.5    123
-7.5    186
-6.5    187
-5.5    191
-4.5    224
-3.5    237
-2.5    220
-1.5    259
-0.5    267
0.5    258
1.5    246
2.5    244
3.5    219
4.5    223
5.5    186
6.5    203
7.5    173
8.5    154
9.5    136
10.5    123
11.5    73
12.5    68
13.5    52
14.5    62
15.5    39
16.5    32
17.5    36
18.5    17
19.5    8
20.5    7
21.5    3
22.5    6
23.5    4
24.5    5
25.5    2
26.5    0
27.5    0
28.5    1
29.5    0
30.5    0
