-38.5    2
-37.5    1
-36.5    3
-35.5    3
-34.5    3
-33.5    8
-32.5    8
-31.5    13
-30.5    14
-29.5    26
-28.5    21
-27.5    29
-26.5    36
-25.5    41
-24.5    49
-23.5    47
-22.5    63
-21.5    76
-20.5    107
-19.5    88
-18.5    109
-17.5    116
-16.5    112
-15.5    122
-14.5    152
-13.5    155
-12.5    142
-11.5    168
-10.5    135
-9.5    152
-8.5    155
-7.5    149
-6.5    165
-5.5    178
-4.5    186
-3.5    179
-2.5    187
-1.5    179
-0.5    177
0.5    222
1.5    194
2.5    182
3.5    189
4.5    149
5.5    162
6.5    109
7.5    108
8.5    117
9.5    108
10.5    84
11.5    71
12.5    57
13.5    50
14.5    44
15.5    37
16.5    29
17.5    18
18.5    7
19.5    10
20.5    7
21.5    9
22.5    7
23.5    3
24.5    2
25.5    1
26.5    1
27.5    1
28.5    0
29.5    1
30.5    0
