-38.5    4
-37.5    3
-36.5    2
-35.5    7
-34.5    12
-33.5    18
-32.5    15
-31.5    16
-30.5    17
-29.5    40
-28.5    35
-27.5    67
-26.5    72
-25.5    88
-24.5    119
-23.5    135
-22.5    134
-21.5    153
-20.5    182
-19.5    186
-18.5    248
-17.5    248
-16.5    237
-15.5    259
-14.5    269
-13.5    271
-12.5    258
-11.5    261
-10.5    232
-9.5    210
-8.5    196
-7.5    186
-6.5    173
-5.5    140
-4.5    131
-3.5    111
-2.5    103
-1.5    95
-0.5    74
0.5    57
1.5    50
2.5    55
3.5    34
4.5    37
5.5    31
6.5    24
7.5    16
8.5    16
9.5    20
10.5    13
11.5    9
12.5    7
13.5    6
14.5    9
15.5    2
16.5    5
17.5    3
18.5    1
19.5    0
20.5    0
21.5    0
22.5    1
23.5    2
24.5    0
25.5    0
26.5    0
27.5    0
28.5    3
29.5    1
30.5    1
