-38.5    0
-37.5    0
-36.5    4
-35.5    0
-34.5    2
-33.5    2
-32.5    1
-31.5    6
-30.5    6
-29.5    6
-28.5    11
-27.5    13
-26.5    19
-25.5    18
-24.5    18
-23.5    30
-22.5    32
-21.5    30
-20.5    36
-19.5    35
-18.5    56
-17.5    52
-16.5    64
-15.5    72
-14.5    91
-13.5    86
-12.5    115
-11.5    113
-10.5    144
-9.5    141
-8.5    149
-7.5    170
-6.5    185
-5.5    219
-4.5    188
-3.5    214
-2.5    264
-1.5    230
-0.5    233
0.5    261
1.5    222
2.5    244
3.5    224
4.5    194
5.5    173
6.5    179
7.5    171
8.5    136
9.5    127
10.5    103
11.5    79
12.5    80
13.5    55
14.5    39
15.5    33
16.5    35
17.5    15
18.5    8
19.5    10
20.5    7
21.5    7
22.5    8
23.5    2
24.5    4
25.5    1
26.5    2
27.5    1
28.5    0
29.5    0
30.5    0
