-38.5    2
-37.5    1
-36.5    1
-35.5    2
-34.5    0
-33.5    5
-32.5    4
-31.5    7
-30.5    7
-29.5    6
-28.5    12
-27.5    19
-26.5    17
-25.5    25
-24.5    43
-23.5    37
-22.5    38
-21.5    52
-20.5    65
-19.5    70
-18.5    72
-17.5    73
-16.5    94
-15.5    84
-14.5    103
-13.5    100
-12.5    105
-11.5    148
-10.5    134
-9.5    128
-8.5    157
-7.5    175
-6.5    168
-5.5    198
-4.5    219
-3.5    182
-2.5    219
-1.5    212
-0.5    238
0.5    204
1.5    217
2.5    208
3.5    183
4.5    187
5.5    177
6.5    157
7.5    136
8.5    133
9.5    99
10.5    103
11.5    90
12.5    52
13.5    42
14.5    43
15.5    40
16.5    20
17.5    26
18.5    19
19.5    15
20.5    16
21.5    6
22.5    2
23.5    4
24.5    6
25.5    1
26.5    2
27.5    1
28.5    2
29.5    0
30.5    0
