-38.5    2
-37.5    6
-36.5    3
-35.5    10
-34.5    11
-33.5    12
-32.5    14
-31.5    27
-30.5    26
-29.5    55
-28.5    66
-27.5    73
-26.5    92
-25.5    125
-24.5    117
-23.5    138
-22.5    179
-21.5    193
-20.5    214
-19.5    229
-18.5    305
-17.5    287
-16.5    318
-15.5    321
-14.5    302
-13.5    322
-12.5    322
-11.5    326
-10.5    301
-9.5    284
-8.5    302
-7.5    260
-6.5    247
-5.5    242
-4.5    214
-3.5    217
-2.5    188
-1.5    159
-0.5    175
0.5    178
1.5    147
2.5    140
3.5    129
4.5    97
5.5    109
6.5    91
7.5    88
8.5    79
9.5    73
10.5    67
11.5    46
12.5    41
13.5    38
14.5    23
15.5    24
16.5    28
17.5    19
18.5    6
19.5    8
20.5    8
21.5    4
22.5    3
23.5    3
24.5    1
25.5    0
26.5    1
27.5    2
28.5    0
29.5    1
30.5    1
