-38.5    1
-37.5    4
-36.5    2
-35.5    7
-34.5    2
-33.5    5
-32.5    18
-31.5    15
-30.5    22
-29.5    37
-28.5    44
-27.5    53
-26.5    80
-25.5    80
-24.5    102
-23.5    121
-22.5    119
-21.5    128
-20.5    172
-19.5    192
-18.5    206
-17.5    234
-16.5    226
-15.5    218
-14.5    274
-13.5    250
-12.5    250
-11.5    225
-10.5    228
-9.5    216
-8.5    209
-7.5    165
-6.5    165
-5.5    142
-4.5    137
-3.5    137
-2.5    131
-1.5    92
-0.5    97
0.5    75
1.5    72
2.5    50
3.5    45
4.5    48
5.5    38
6.5    41
7.5    32
8.5    27
9.5    29
10.5    22
11.5    16
12.5    10
13.5    13
14.5    16
15.5    7
16.5    9
17.5    12
18.5    7
19.5    6
20.5    3
21.5    1
22.5    1
23.5    1
24.5    0
25.5    2
26.5    0
27.5    1
28.5    0
29.5    1
30.5    0
