-38.5    3
-37.5    2
-36.5    6
-35.5    6
-34.5    9
-33.5    14
-32.5    18
-31.5    19
-30.5    24
-29.5    33
-28.5    54
-27.5    54
-26.5    73
-25.5    78
-24.5    120
-23.5    135
-22.5    144
-21.5    160
-20.5    189
-19.5    202
-18.5    229
-17.5    231
-16.5    255
-15.5    258
-14.5    256
-13.5    251
-12.5    278
-11.5    233
-10.5    219
-9.5    212
-8.5    195
-7.5    178
-6.5    151
-5.5    162
-4.5    139
-3.5    99
-2.5    87
-1.5    82
-0.5    76
0.5    85
1.5    46
2.5    53
3.5    39
4.5    43
5.5    31
6.5    30
7.5    20
8.5    24
9.5    27
10.5    22
11.5    14
12.5    10
13.5    12
14.5    10
15.5    3
16.5    4
17.5    3
18.5    6
19.5    1
20.5    2
21.5    1
22.5    2
23.5    1
24.5    1
25.5    0
26.5    0
27.5    0
28.5    0
29.5    1
30.5    0
