-38.5    2
-37.5    1
-36.5    2
-35.5    2
-34.5    5
-33.5    5
-32.5    4
-31.5    15
-30.5    15
-29.5    15
-28.5    19
-27.5    23
-26.5    36
-25.5    39
-24.5    48
-23.5    53
-22.5    70
-21.5    74
-20.5    88
-19.5    90
-18.5    99
-17.5    107
-16.5    131
-15.5    119
-14.5    139
-13.5    141
-12.5    130
-11.5    142
-10.5    138
-9.5    164
-8.5    159
-7.5    154
-6.5    158
-5.5    177
-4.5    181
-3.5    200
-2.5    174
-1.5    174
-0.5    185
0.5    228
1.5    204
2.5    200
3.5    174
4.5    149
5.5    147
6.5    129
7.5    131
8.5    112
9.5    95
10.5    79
11.5    70
12.5    51
13.5    48
14.5    44
15.5    32
16.5    27
17.5    16
18.5    9
19.5    10
20.5    8
21.5    6
22.5    5
23.5    2
24.5    3
25.5    3
26.5    5
27.5    0
28.5    0
29.5    1
30.5    0
