-38.5    1
-37.5    2
-36.5    4
-35.5    2
-34.5    4
-33.5    5
-32.5    12
-31.5    11
-30.5    10
-29.5    26
-28.5    28
-27.5    36
-26.5    33
-25.5    46
-24.5    60
-23.5    78
-22.5    74
-21.5    91
-20.5    102
-19.5    111
-18.5    125
-17.5    125
-16.5    137
-15.5    139
-14.5    142
-13.5    150
-12.5    165
-11.5    140
-10.5    160
-9.5    153
-8.5    186
-7.5    160
-6.5    179
-5.5    158
-4.5    193
-3.5    157
-2.5    174
-1.5    157
-0.5    165
0.5    180
1.5    178
2.5    149
3.5    164
4.5    147
5.5    140
6.5    122
7.5    84
8.5    85
9.5    77
10.5    73
11.5    70
12.5    44
13.5    44
14.5    27
15.5    20
16.5    22
17.5    13
18.5    14
19.5    6
20.5    5
21.5    7
22.5    1
23.5    4
24.5    1
25.5    2
26.5    2
27.5    1
28.5    0
29.5    0
30.5    0
