-38.5    1
-37.5    2
-36.5    1
-35.5    4
-34.5    9
-33.5    9
-32.5    19
-31.5    16
-30.5    27
-29.5    28
-28.5    37
-27.5    53
-26.5    66
-25.5    74
-24.5    113
-23.5    98
-22.5    116
-21.5    164
-20.5    170
-19.5    166
-18.5    188
-17.5    192
-16.5    241
-15.5    212
-14.5    228
-13.5    280
-12.5    221
-11.5    237
-10.5    191
-9.5    216
-8.5    193
-7.5    169
-6.5    182
-5.5    155
-4.5    141
-3.5    161
-2.5    125
-1.5    103
-0.5    91
0.5    67
1.5    92
2.5    75
3.5    67
4.5    68
5.5    43
6.5    53
7.5    54
8.5    34
9.5    31
10.5    27
11.5    24
12.5    18
13.5    30
14.5    15
15.5    10
16.5    8
17.5    10
18.5    1
19.5    5
20.5    0
21.5    1
22.5    3
23.5    2
24.5    0
25.5    0
26.5    0
27.5    0
28.5    0
29.5    1
30.5    0
