-38.5    2
-37.5    4
-36.5    10
-35.5    6
-34.5    11
-33.5    19
-32.5    21
-31.5    36
-30.5    38
-29.5    61
-28.5    68
-27.5    88
-26.5    120
-25.5    132
-24.5    139
-23.5    192
-22.5    213
-21.5    224
-20.5    263
-19.5    276
-18.5    338
-17.5    339
-16.5    354
-15.5    376
-14.5    411
-13.5    385
-12.5    393
-11.5    374
-10.5    366
-9.5    324
-8.5    291
-7.5    273
-6.5    297
-5.5    229
-4.5    195
-3.5    182
-2.5    183
-1.5    137
-0.5    118
0.5    97
1.5    84
2.5    72
3.5    74
4.5    69
5.5    68
6.5    54
7.5    47
8.5    41
9.5    31
10.5    32
11.5    24
12.5    19
13.5    17
14.5    20
15.5    12
16.5    15
17.5    11
18.5    8
19.5    5
20.5    0
21.5    1
22.5    1
23.5    3
24.5    2
25.5    4
26.5    0
27.5    0
28.5    0
29.5    0
30.5    2
