-38.5    0
-37.5    0
-36.5    2
-35.5    0
-34.5    3
-33.5    2
-32.5    1
-31.5    4
-30.5    6
-29.5    7
-28.5    9
-27.5    13
-26.5    18
-25.5    21
-24.5    18
-23.5    33
-22.5    34
-21.5    22
-20.5    51
-19.5    47
-18.5    55
-17.5    54
-16.5    72
-15.5    77
-14.5    81
-13.5    70
-12.5    105
-11.5    119
-10.5    141
-9.5    144
-8.5    151
-7.5    179
-6.5    170
-5.5    226
-4.5    208
-3.5    216
-2.5    242
-1.5    239
-0.5    237
0.5    224
1.5    234
2.5    226
3.5    236
4.5    227
5.5    165
6.5    177
7.5    148
8.5    132
9.5    108
10.5    102
11.5    86
12.5    75
13.5    58
14.5    32
15.5    32
16.5    31
17.5    18
18.5    13
19.5    7
20.5    9
21.5    6
22.5    6
23.5    1
24.5    3
25.5    3
26.5    2
27.5    1
28.5    0
29.5    0
30.5    0
