-38.5    2
-37.5    1
-36.5    1
-35.5    1
-34.5    2
-33.5    6
-32.5    3
-31.5    9
-30.5    11
-29.5    8
-28.5    9
-27.5    23
-26.5    19
-25.5    30
-24.5    38
-23.5    43
-22.5    46
-21.5    52
-20.5    52
-19.5    63
-18.5    75
-17.5    69
-16.5    88
-15.5    82
-14.5    80
-13.5    95
-12.5    131
-11.5    125
-10.5    139
-9.5    134
-8.5    177
-7.5    190
-6.5    161
-5.5    195
-4.5    205
-3.5    186
-2.5    221
-1.5    209
-0.5    211
0.5    214
1.5    239
2.5    206
3.5    204
4.5    187
5.5    164
6.5    173
7.5    131
8.5    115
9.5    114
10.5    103
11.5    75
12.5    51
13.5    33
14.5    44
15.5    45
16.5    23
17.5    16
18.5    13
19.5    13
20.5    13
21.5    4
22.5    2
23.5    5
24.5    3
25.5    2
26.5    4
27.5    2
28.5    2
29.5    0
30.5    0
