-38.5    1
-37.5    4
-36.5    6
-35.5    3
-34.5    7
-33.5    10
-32.5    8
-31.5    14
-30.5    19
-29.5    27
-28.5    36
-27.5    43
-26.5    50
-25.5    44
-24.5    75
-23.5    98
-22.5    93
-21.5    119
-20.5    123
-19.5    175
-18.5    147
-17.5    175
-16.5    157
-15.5    178
-14.5    168
-13.5    157
-12.5    185
-11.5    170
-10.5    169
-9.5    186
-8.5    172
-7.5    172
-6.5    163
-5.5    142
-4.5    161
-3.5    183
-2.5    173
-1.5    142
-0.5    137
0.5    123
1.5    129
2.5    133
3.5    115
4.5    107
5.5    106
6.5    95
7.5    84
8.5    64
9.5    70
10.5    59
11.5    41
12.5    32
13.5    29
14.5    24
15.5    13
16.5    17
17.5    10
18.5    8
19.5    13
20.5    3
21.5    1
22.5    2
23.5    3
24.5    1
25.5    3
26.5    0
27.5    0
28.5    1
29.5    0
30.5    0
