-38.5    0
-37.5    2
-36.5    4
-35.5    7
-34.5    7
-33.5    3
-32.5    12
-31.5    15
-30.5    12
-29.5    12
-28.5    19
-27.5    31
-26.5    39
-25.5    55
-24.5    48
-23.5    53
-22.5    59
-21.5    92
-20.5    75
-19.5    99
-18.5    114
-17.5    103
-16.5    124
-15.5    138
-14.5    147
-13.5    143
-12.5    137
-11.5    149
-10.5    166
-9.5    159
-8.5    189
-7.5    178
-6.5    198
-5.5    179
-4.5    148
-3.5    192
-2.5    171
-1.5    198
-0.5    196
0.5    190
1.5    157
2.5    171
3.5    199
4.5    151
5.5    110
6.5    130
7.5    121
8.5    109
9.5    99
10.5    94
11.5    61
12.5    46
13.5    41
14.5    37
15.5    34
16.5    18
17.5    13
18.5    9
19.5    11
20.5    7
21.5    2
22.5    6
23.5    2
24.5    1
25.5    1
26.5    0
27.5    1
28.5    0
29.5    1
30.5    0
