-38.5    0
-37.5    0
-36.5    1
-35.5    1
-34.5    1
-33.5    0
-32.5    1
-31.5    3
-30.5    8
-29.5    4
-28.5    7
-27.5    10
-26.5    7
-25.5    16
-24.5    17
-23.5    18
-22.5    35
-21.5    33
-20.5    27
-19.5    25
-18.5    42
-17.5    58
-16.5    43
-15.5    50
-14.5    82
-13.5    69
-12.5    82
-11.5    98
-10.5    132
-9.5    137
-8.5    161
-7.5    172
-6.5    193
-5.5    199
-4.5    197
-3.5    204
-2.5    238
-1.5    263
-0.5    244
0.5    271
1.5    266
2.5    215
3.5    213
4.5    226
5.5    211
6.5    187
7.5    151
8.5    132
9.5    125
10.5    106
11.5    81
12.5    89
13.5    69
14.5    53
15.5    51
16.5    28
17.5    14
18.5    17
19.5    14
20.5    15
21.5    5
22.5    5
23.5    2
24.5    1
25.5    2
26.5    1
27.5    2
28.5    1
29.5    0
30.5    0
