-38.5    1
-37.5    2
-36.5    3
-35.5    4
-34.5    5
-33.5    5
-32.5    9
-31.5    15
-30.5    12
-29.5    11
-28.5    15
-27.5    30
-26.5    31
-25.5    62
-24.5    42
-23.5    52
-22.5    69
-21.5    73
-20.5    82
-19.5    116
-18.5    116
-17.5    111
-16.5    126
-15.5    167
-14.5    131
-13.5    153
-12.5    149
-11.5    146
-10.5    149
-9.5    173
-8.5    186
-7.5    185
-6.5    182
-5.5    183
-4.5    191
-3.5    161
-2.5    173
-1.5    188
-0.5    202
0.5    187
1.5    186
2.5    173
3.5    164
4.5    157
5.5    121
6.5    122
7.5    123
8.5    104
9.5    90
10.5    83
11.5    59
12.5    43
13.5    37
14.5    38
15.5    23
16.5    11
17.5    12
18.5    11
19.5    11
20.5    11
21.5    4
22.5    6
23.5    4
24.5    2
25.5    2
26.5    0
27.5    0
28.5    0
29.5    0
30.5    0
