-38.5    0
-37.5    1
-36.5    1
-35.5    9
-34.5    7
-33.5    11
-32.5    14
-31.5    17
-30.5    25
-29.5    24
-28.5    37
-27.5    50
-26.5    49
-25.5    64
-24.5    97
-23.5    87
-22.5    124
-21.5    138
-20.5    129
-19.5    177
-18.5    150
-17.5    178
-16.5    173
-15.5    164
-14.5    200
-13.5    191
-12.5    183
-11.5    203
-10.5    179
-9.5    201
-8.5    171
-7.5    190
-6.5    180
-5.5    143
-4.5    140
-3.5    145
-2.5    129
-1.5    143
-0.5    138
0.5    110
1.5    112
2.5    101
3.5    110
4.5    94
5.5    94
6.5    85
7.5    77
8.5    85
9.5    68
10.5    52
11.5    47
12.5    35
13.5    34
14.5    18
15.5    28
16.5    16
17.5    6
18.5    11
19.5    11
20.5    3
21.5    4
22.5    2
23.5    1
24.5    2
25.5    3
26.5    0
27.5    1
28.5    0
29.5    0
30.5    1
