-38.5    1
-37.5    0
-36.5    2
-35.5    3
-34.5    1
-33.5    5
-32.5    7
-31.5    6
-30.5    7
-29.5    7
-28.5    12
-27.5    17
-26.5    31
-25.5    24
-24.5    42
-23.5    37
-22.5    48
-21.5    48
-20.5    86
-19.5    83
-18.5    72
-17.5    83
-16.5    89
-15.5    86
-14.5    118
-13.5    119
-12.5    119
-11.5    146
-10.5    150
-9.5    128
-8.5    158
-7.5    172
-6.5    175
-5.5    210
-4.5    204
-3.5    184
-2.5    206
-1.5    235
-0.5    236
0.5    227
1.5    214
2.5    215
3.5    196
4.5    172
5.5    177
6.5    156
7.5    142
8.5    126
9.5    111
10.5    101
11.5    82
12.5    58
13.5    54
14.5    43
15.5    30
16.5    20
17.5    22
18.5    17
19.5    18
20.5    11
21.5    8
22.5    4
23.5    5
24.5    3
25.5    3
26.5    0
27.5    0
28.5    1
29.5    0
30.5    0
