-38.5    3
-37.5    2
-36.5    2
-35.5    10
-34.5    10
-33.5    12
-32.5    13
-31.5    20
-30.5    24
-29.5    36
-28.5    43
-27.5    61
-26.5    64
-25.5    84
-24.5    109
-23.5    135
-22.5    128
-21.5    156
-20.5    203
-19.5    182
-18.5    220
-17.5    235
-16.5    218
-15.5    267
-14.5    268
-13.5    276
-12.5    224
-11.5    254
-10.5    264
-9.5    223
-8.5    205
-7.5    177
-6.5    177
-5.5    138
-4.5    146
-3.5    112
-2.5    95
-1.5    99
-0.5    80
0.5    66
1.5    43
2.5    42
3.5    31
4.5    33
5.5    25
6.5    14
7.5    16
8.5    12
9.5    19
10.5    15
11.5    9
12.5    11
13.5    6
14.5    3
15.5    4
16.5    7
17.5    3
18.5    0
19.5    2
20.5    0
21.5    1
22.5    0
23.5    1
24.5    0
25.5    0
26.5    1
27.5    0
28.5    2
29.5    0
30.5    1
