-38.5    2
-37.5    1
-36.5    2
-35.5    5
-34.5    12
-33.5    10
-32.5    12
-31.5    12
-30.5    29
-29.5    22
-28.5    38
-27.5    42
-26.5    52
-25.5    60
-24.5    89
-23.5    79
-22.5    90
-21.5    97
-20.5    124
-19.5    134
-18.5    159
-17.5    155
-16.5    162
-15.5    174
-14.5    185
-13.5    177
-12.5    222
-11.5    174
-10.5    165
-9.5    169
-8.5    194
-7.5    167
-6.5    150
-5.5    188
-4.5    178
-3.5    142
-2.5    159
-1.5    150
-0.5    172
0.5    167
1.5    121
2.5    120
3.5    124
4.5    134
5.5    113
6.5    93
7.5    93
8.5    90
9.5    58
10.5    58
11.5    51
12.5    30
13.5    45
14.5    26
15.5    26
16.5    24
17.5    19
18.5    10
19.5    8
20.5    12
21.5    3
22.5    1
23.5    1
24.5    2
25.5    1
26.5    0
27.5    1
28.5    0
29.5    0
30.5    0
