-38.5    0
-37.5    6
-36.5    4
-35.5    7
-34.5    11
-33.5    9
-32.5    15
-31.5    14
-30.5    19
-29.5    36
-28.5    38
-27.5    46
-26.5    62
-25.5    70
-24.5    98
-23.5    102
-22.5    132
-21.5    145
-20.5    156
-19.5    173
-18.5    164
-17.5    186
-16.5    226
-15.5    170
-14.5    214
-13.5    233
-12.5    215
-11.5    216
-10.5    223
-9.5    192
-8.5    170
-7.5    173
-6.5    161
-5.5    163
-4.5    147
-3.5    152
-2.5    108
-1.5    97
-0.5    101
0.5    110
1.5    87
2.5    85
3.5    86
4.5    74
5.5    89
6.5    59
7.5    44
8.5    50
9.5    40
10.5    38
11.5    29
12.5    28
13.5    24
14.5    11
15.5    17
16.5    10
17.5    7
18.5    5
19.5    4
20.5    4
21.5    1
22.5    4
23.5    1
24.5    0
25.5    1
26.5    4
27.5    0
28.5    0
29.5    0
30.5    0
