-38.5    0
-37.5    0
-36.5    1
-35.5    1
-34.5    1
-33.5    0
-32.5    0
-31.5    0
-30.5    6
-29.5    4
-28.5    6
-27.5    7
-26.5    5
-25.5    11
-24.5    10
-23.5    19
-22.5    29
-21.5    22
-20.5    27
-19.5    27
-18.5    39
-17.5    56
-16.5    53
-15.5    43
-14.5    78
-13.5    54
-12.5    84
-11.5    98
-10.5    141
-9.5    135
-8.5    138
-7.5    188
-6.5    198
-5.5    191
-4.5    220
-3.5    219
-2.5    212
-1.5    266
-0.5    255
0.5    276
1.5    249
2.5    237
3.5    199
4.5    215
5.5    215
6.5    188
7.5    187
8.5    139
9.5    125
10.5    126
11.5    85
12.5    70
13.5    70
14.5    50
15.5    39
16.5    35
17.5    26
18.5    16
19.5    6
20.5    7
21.5    3
22.5    7
23.5    1
24.5    5
25.5    2
26.5    0
27.5    0
28.5    1
29.5    0
30.5    0
