-38.5    1
-37.5    3
-36.5    1
-35.5    1
-34.5    1
-33.5    0
-32.5    6
-31.5    5
-30.5    6
-29.5    11
-28.5    11
-27.5    14
-26.5    15
-25.5    16
-24.5    23
-23.5    38
-22.5    28
-21.5    35
-20.5    61
-19.5    47
-18.5    59
-17.5    66
-16.5    70
-15.5    80
-14.5    100
-13.5    93
-12.5    129
-11.5    98
-10.5    149
-9.5    137
-8.5    159
-7.5    178
-6.5    198
-5.5    193
-4.5    216
-3.5    228
-2.5    224
-1.5    237
-0.5    231
0.5    225
1.5    237
2.5    238
3.5    185
4.5    193
5.5    180
6.5    169
7.5    163
8.5    118
9.5    153
10.5    115
11.5    102
12.5    65
13.5    68
14.5    59
15.5    26
16.5    28
17.5    16
18.5    17
19.5    4
20.5    9
21.5    8
22.5    7
23.5    3
24.5    2
25.5    0
26.5    1
27.5    1
28.5    0
29.5    0
30.5    0
