-38.5    2
-37.5    4
-36.5    4
-35.5    8
-34.5    12
-33.5    18
-32.5    14
-31.5    23
-30.5    23
-29.5    33
-28.5    39
-27.5    67
-26.5    74
-25.5    94
-24.5    121
-23.5    141
-22.5    135
-21.5    184
-20.5    176
-19.5    187
-18.5    228
-17.5    248
-16.5    253
-15.5    248
-14.5    258
-13.5    248
-12.5    269
-11.5    273
-10.5    231
-9.5    217
-8.5    207
-7.5    203
-6.5    185
-5.5    164
-4.5    137
-3.5    126
-2.5    89
-1.5    74
-0.5    83
0.5    63
1.5    63
2.5    43
3.5    40
4.5    33
5.5    28
6.5    33
7.5    15
8.5    24
9.5    17
10.5    9
11.5    11
12.5    7
13.5    8
14.5    10
15.5    1
16.5    6
17.5    4
18.5    1
19.5    1
20.5    0
21.5    2
22.5    1
23.5    1
24.5    0
25.5    0
26.5    0
27.5    0
28.5    1
29.5    1
30.5    0
