-38.5    2
-37.5    3
-36.5    3
-35.5    8
-34.5    10
-33.5    14
-32.5    9
-31.5    14
-30.5    25
-29.5    39
-28.5    50
-27.5    45
-26.5    65
-25.5    86
-24.5    92
-23.5    131
-22.5    126
-21.5    162
-20.5    173
-19.5    181
-18.5    189
-17.5    205
-16.5    223
-15.5    230
-14.5    226
-13.5    227
-12.5    247
-11.5    253
-10.5    232
-9.5    237
-8.5    198
-7.5    191
-6.5    161
-5.5    152
-4.5    141
-3.5    145
-2.5    117
-1.5    78
-0.5    109
0.5    86
1.5    83
2.5    73
3.5    73
4.5    69
5.5    57
6.5    55
7.5    36
8.5    51
9.5    28
10.5    34
11.5    25
12.5    14
13.5    11
14.5    14
15.5    10
16.5    7
17.5    3
18.5    4
19.5    2
20.5    1
21.5    1
22.5    2
23.5    1
24.5    1
25.5    0
26.5    0
27.5    0
28.5    0
29.5    0
30.5    0
