-38.5    2
-37.5    5
-36.5    4
-35.5    4
-34.5    2
-33.5    8
-32.5    16
-31.5    20
-30.5    25
-29.5    39
-28.5    46
-27.5    55
-26.5    77
-25.5    85
-24.5    101
-23.5    125
-22.5    118
-21.5    141
-20.5    170
-19.5    191
-18.5    229
-17.5    236
-16.5    224
-15.5    250
-14.5    262
-13.5    239
-12.5    229
-11.5    242
-10.5    241
-9.5    216
-8.5    200
-7.5    168
-6.5    200
-5.5    135
-4.5    129
-3.5    125
-2.5    118
-1.5    95
-0.5    86
0.5    78
1.5    62
2.5    47
3.5    41
4.5    54
5.5    47
6.5    46
7.5    35
8.5    28
9.5    23
10.5    23
11.5    16
12.5    9
13.5    17
14.5    15
15.5    9
16.5    7
17.5    13
18.5    4
19.5    6
20.5    3
21.5    1
22.5    2
23.5    0
24.5    2
25.5    1
26.5    0
27.5    0
28.5    0
29.5    0
30.5    0
