-38.5    2
-37.5    1
-36.5    0
-35.5    2
-34.5    3
-33.5    4
-32.5    4
-31.5    2
-30.5    7
-29.5    8
-28.5    12
-27.5    19
-26.5    24
-25.5    11
-24.5    36
-23.5    46
-22.5    43
-21.5    44
-20.5    41
-19.5    55
-18.5    61
-17.5    73
-16.5    79
-15.5    78
-14.5    94
-13.5    104
-12.5    122
-11.5    132
-10.5    156
-9.5    152
-8.5    152
-7.5    162
-6.5    179
-5.5    199
-4.5    218
-3.5    219
-2.5    226
-1.5    228
-0.5    258
0.5    241
1.5    236
2.5    225
3.5    203
4.5    182
5.5    169
6.5    174
7.5    150
8.5    142
9.5    109
10.5    105
11.5    87
12.5    59
13.5    46
14.5    36
15.5    38
16.5    40
17.5    20
18.5    19
19.5    12
20.5    8
21.5    3
22.5    5
23.5    5
24.5    1
25.5    0
26.5    0
27.5    1
28.5    2
29.5    0
30.5    0
