-38.5    2
-37.5    8
-36.5    9
-35.5    5
-34.5    17
-33.5    21
-32.5    29
-31.5    42
-30.5    52
-29.5    73
-28.5    71
-27.5    100
-26.5    124
-25.5    138
-24.5    139
-23.5    176
-22.5    180
-21.5    242
-20.5    265
-19.5    273
-18.5    291
-17.5    312
-16.5    383
-15.5    386
-14.5    411
-13.5    500
-12.5    527
-11.5    579
-10.5    635
-9.5    785
-8.5    859
-7.5    947
-6.5    1121
-5.5    1205
-4.5    1264
-3.5    1239
-2.5    1322
-1.5    1447
-0.5    1417
0.5    1486
1.5    1491
2.5    1403
3.5    1331
4.5    1218
5.5    1174
6.5    1111
7.5    925
8.5    810
9.5    686
10.5    577
11.5    480
12.5    387
13.5    304
14.5    224
15.5    183
16.5    130
17.5    124
18.5    71
19.5    69
20.5    43
21.5    34
22.5    23
23.5    16
24.5    7
25.5    4
26.5    4
27.5    6
28.5    2
29.5    0
30.5    1
