-38.5    1
-37.5    0
-36.5    0
-35.5    1
-34.5    0
-33.5    0
-32.5    1
-31.5    3
-30.5    8
-29.5    12
-28.5    33
-27.5    57
-26.5    109
-25.5    161
-24.5    255
-23.5    377
-22.5    605
-21.5    734
-20.5    948
-19.5    1277
-18.5    1570
-17.5    1819
-16.5    2069
-15.5    2272
-14.5    2515
-13.5    2561
-12.5    2519
-11.5    2268
-10.5    2017
-9.5    1820
-8.5    1475
-7.5    1212
-6.5    886
-5.5    745
-4.5    485
-3.5    357
-2.5    204
-1.5    134
-0.5    124
0.5    66
1.5    34
2.5    25
3.5    15
4.5    8
5.5    7
6.5    7
7.5    9
8.5    6
9.5    7
10.5    9
11.5    9
12.5    5
13.5    3
14.5    8
15.5    7
16.5    5
17.5    2
18.5    2
19.5    3
20.5    3
21.5    0
22.5    1
23.5    0
24.5    0
25.5    0
26.5    0
27.5    0
28.5    1
29.5    1
30.5    0
