-38.5    4
-37.5    9
-36.5    23
-35.5    22
-34.5    32
-33.5    56
-32.5    66
-31.5    88
-30.5    125
-29.5    197
-28.5    240
-27.5    283
-26.5    370
-25.5    471
-24.5    565
-23.5    660
-22.5    771
-21.5    917
-20.5    1094
-19.5    1180
-18.5    1332
-17.5    1371
-16.5    1559
-15.5    1643
-14.5    1652
-13.5    1660
-12.5    1678
-11.5    1596
-10.5    1560
-9.5    1411
-8.5    1324
-7.5    1212
-6.5    1100
-5.5    986
-4.5    764
-3.5    667
-2.5    609
-1.5    458
-0.5    395
0.5    359
1.5    293
2.5    227
3.5    183
4.5    170
5.5    134
6.5    110
7.5    90
8.5    74
9.5    52
10.5    61
11.5    56
12.5    53
13.5    50
14.5    20
15.5    17
16.5    18
17.5    15
18.5    17
19.5    12
20.5    7
21.5    9
22.5    2
23.5    2
24.5    3
25.5    1
26.5    2
27.5    0
28.5    2
29.5    0
30.5    1
