-38.5    9
-37.5    9
-36.5    11
-35.5    21
-34.5    27
-33.5    43
-32.5    67
-31.5    82
-30.5    93
-29.5    136
-28.5    186
-27.5    234
-26.5    336
-25.5    359
-24.5    492
-23.5    518
-22.5    634
-21.5    714
-20.5    811
-19.5    950
-18.5    993
-17.5    1148
-16.5    1142
-15.5    1194
-14.5    1218
-13.5    1145
-12.5    1106
-11.5    1168
-10.5    1161
-9.5    1072
-8.5    982
-7.5    960
-6.5    875
-5.5    839
-4.5    804
-3.5    732
-2.5    692
-1.5    676
-0.5    664
0.5    649
1.5    647
2.5    608
3.5    589
4.5    575
5.5    586
6.5    527
7.5    519
8.5    458
9.5    410
10.5    351
11.5    345
12.5    278
13.5    233
14.5    197
15.5    158
16.5    112
17.5    89
18.5    75
19.5    55
20.5    44
21.5    32
22.5    15
23.5    17
24.5    9
25.5    12
26.5    7
27.5    5
28.5    2
29.5    1
30.5    1
