-38.5    0
-37.5    0
-36.5    2
-35.5    3
-34.5    2
-33.5    3
-32.5    5
-31.5    15
-30.5    17
-29.5    25
-28.5    36
-27.5    66
-26.5    114
-25.5    177
-24.5    253
-23.5    351
-22.5    425
-21.5    578
-20.5    707
-19.5    838
-18.5    969
-17.5    1012
-16.5    1003
-15.5    1130
-14.5    1053
-13.5    917
-12.5    864
-11.5    686
-10.5    578
-9.5    571
-8.5    522
-7.5    517
-6.5    560
-5.5    625
-4.5    769
-3.5    934
-2.5    1056
-1.5    1293
-0.5    1364
0.5    1462
1.5    1521
2.5    1448
3.5    1361
4.5    1342
5.5    1086
6.5    990
7.5    805
8.5    605
9.5    444
10.5    306
11.5    210
12.5    145
13.5    91
14.5    58
15.5    36
16.5    17
17.5    6
18.5    5
19.5    3
20.5    3
21.5    0
22.5    0
23.5    1
24.5    1
25.5    0
26.5    0
27.5    0
28.5    0
29.5    0
30.5    0
