-38.5    1
-37.5    0
-36.5    0
-35.5    1
-34.5    0
-33.5    1
-32.5    0
-31.5    8
-30.5    13
-29.5    19
-28.5    34
-27.5    54
-26.5    106
-25.5    166
-24.5    246
-23.5    342
-22.5    456
-21.5    658
-20.5    799
-19.5    969
-18.5    1144
-17.5    1339
-16.5    1450
-15.5    1516
-14.5    1455
-13.5    1476
-12.5    1394
-11.5    1145
-10.5    1023
-9.5    825
-8.5    689
-7.5    603
-6.5    476
-5.5    526
-4.5    459
-3.5    527
-2.5    613
-1.5    722
-0.5    830
0.5    946
1.5    999
2.5    1153
3.5    1073
4.5    1082
5.5    970
6.5    828
7.5    721
8.5    597
9.5    468
10.5    341
11.5    249
12.5    172
13.5    118
14.5    84
15.5    48
16.5    34
17.5    23
18.5    7
19.5    7
20.5    3
21.5    3
22.5    1
23.5    3
24.5    1
25.5    1
26.5    2
27.5    0
28.5    1
29.5    1
30.5    0
