-38.5    1
-37.5    0
-36.5    0
-35.5    0
-34.5    1
-33.5    0
-32.5    6
-31.5    8
-30.5    12
-29.5    36
-28.5    50
-27.5    85
-26.5    150
-25.5    268
-24.5    379
-23.5    639
-22.5    830
-21.5    1161
-20.5    1485
-19.5    1933
-18.5    2251
-17.5    2765
-16.5    3051
-15.5    3434
-14.5    3772
-13.5    3756
-12.5    3625
-11.5    3490
-10.5    3073
-9.5    2720
-8.5    2242
-7.5    1782
-6.5    1456
-5.5    1112
-4.5    766
-3.5    527
-2.5    369
-1.5    230
-0.5    151
0.5    74
1.5    55
2.5    36
3.5    19
4.5    5
5.5    15
6.5    8
7.5    9
8.5    9
9.5    14
10.5    10
11.5    12
12.5    10
13.5    10
14.5    2
15.5    4
16.5    3
17.5    2
18.5    1
19.5    2
20.5    0
21.5    1
22.5    1
23.5    1
24.5    1
25.5    0
26.5    0
27.5    2
28.5    0
29.5    1
30.5    1
