-38.5    1
-37.5    0
-36.5    0
-35.5    0
-34.5    1
-33.5    2
-32.5    2
-31.5    3
-30.5    9
-29.5    13
-28.5    47
-27.5    52
-26.5    103
-25.5    192
-24.5    258
-23.5    396
-22.5    527
-21.5    739
-20.5    996
-19.5    1274
-18.5    1673
-17.5    1887
-16.5    2125
-15.5    2279
-14.5    2421
-13.5    2425
-12.5    2320
-11.5    2285
-10.5    2156
-9.5    1797
-8.5    1480
-7.5    1238
-6.5    979
-5.5    726
-4.5    555
-3.5    342
-2.5    228
-1.5    145
-0.5    109
0.5    71
1.5    41
2.5    25
3.5    20
4.5    16
5.5    8
6.5    5
7.5    4
8.5    3
9.5    4
10.5    4
11.5    2
12.5    1
13.5    1
14.5    1
15.5    0
16.5    1
17.5    1
18.5    0
19.5    0
20.5    0
21.5    1
22.5    1
23.5    0
24.5    0
25.5    0
26.5    1
27.5    1
28.5    0
29.5    0
30.5    0
