-38.5    1
-37.5    0
-36.5    0
-35.5    0
-34.5    0
-33.5    0
-32.5    0
-31.5    0
-30.5    0
-29.5    0
-28.5    0
-27.5    0
-26.5    0
-25.5    1
-24.5    0
-23.5    0
-22.5    0
-21.5    0
-20.5    1
-19.5    3
-18.5    3
-17.5    2
-16.5    12
-15.5    16
-14.5    28
-13.5    62
-12.5    125
-11.5    149
-10.5    265
-9.5    404
-8.5    644
-7.5    799
-6.5    1137
-5.5    1414
-4.5    1700
-3.5    1974
-2.5    2254
-1.5    2468
-0.5    2494
0.5    2488
1.5    2486
2.5    2290
3.5    2080
4.5    1641
5.5    1382
6.5    1102
7.5    826
8.5    588
9.5    405
10.5    267
11.5    180
12.5    112
13.5    60
14.5    35
15.5    20
16.5    7
17.5    6
18.5    4
19.5    2
20.5    0
21.5    0
22.5    0
23.5    0
24.5    0
25.5    1
26.5    1
27.5    0
28.5    0
29.5    1
30.5    1
