-38.5    1
-37.5    0
-36.5    0
-35.5    1
-34.5    0
-33.5    0
-32.5    3
-31.5    6
-30.5    10
-29.5    20
-28.5    30
-27.5    62
-26.5    101
-25.5    140
-24.5    244
-23.5    419
-22.5    551
-21.5    733
-20.5    948
-19.5    1295
-18.5    1512
-17.5    1781
-16.5    2059
-15.5    2353
-14.5    2507
-13.5    2507
-12.5    2419
-11.5    2254
-10.5    2047
-9.5    1737
-8.5    1453
-7.5    1169
-6.5    907
-5.5    728
-4.5    490
-3.5    358
-2.5    238
-1.5    144
-0.5    106
0.5    58
1.5    38
2.5    23
3.5    18
4.5    4
5.5    7
6.5    6
7.5    8
8.5    5
9.5    9
10.5    8
11.5    12
12.5    6
13.5    5
14.5    3
15.5    3
16.5    4
17.5    1
18.5    2
19.5    2
20.5    1
21.5    1
22.5    0
23.5    1
24.5    0
25.5    0
26.5    0
27.5    0
28.5    1
29.5    1
30.5    1
