-38.5    0
-37.5    1
-36.5    0
-35.5    1
-34.5    1
-33.5    1
-32.5    2
-31.5    8
-30.5    16
-29.5    25
-28.5    37
-27.5    67
-26.5    101
-25.5    150
-24.5    252
-23.5    366
-22.5    503
-21.5    612
-20.5    799
-19.5    980
-18.5    1117
-17.5    1288
-16.5    1378
-15.5    1473
-14.5    1405
-13.5    1360
-12.5    1259
-11.5    1042
-10.5    939
-9.5    757
-8.5    669
-7.5    560
-6.5    489
-5.5    506
-4.5    557
-3.5    583
-2.5    661
-1.5    811
-0.5    892
0.5    1024
1.5    1092
2.5    1189
3.5    1119
4.5    1123
5.5    1014
6.5    850
7.5    757
8.5    594
9.5    477
10.5    322
11.5    269
12.5    153
13.5    121
14.5    80
15.5    49
16.5    26
17.5    24
18.5    8
19.5    7
20.5    1
21.5    2
22.5    1
23.5    2
24.5    1
25.5    1
26.5    0
27.5    0
28.5    0
29.5    1
30.5    0
