-38.5    4
-37.5    6
-36.5    24
-35.5    30
-34.5    32
-33.5    45
-32.5    63
-31.5    78
-30.5    124
-29.5    128
-28.5    169
-27.5    219
-26.5    279
-25.5    387
-24.5    408
-23.5    485
-22.5    517
-21.5    600
-20.5    688
-19.5    776
-18.5    852
-17.5    933
-16.5    879
-15.5    908
-14.5    914
-13.5    943
-12.5    887
-11.5    940
-10.5    926
-9.5    915
-8.5    843
-7.5    829
-6.5    858
-5.5    849
-4.5    853
-3.5    790
-2.5    877
-1.5    848
-0.5    858
0.5    881
1.5    867
2.5    904
3.5    836
4.5    911
5.5    776
6.5    735
7.5    631
8.5    558
9.5    509
10.5    459
11.5    425
12.5    342
13.5    281
14.5    237
15.5    172
16.5    157
17.5    120
18.5    86
19.5    55
20.5    61
21.5    40
22.5    17
23.5    17
24.5    10
25.5    8
26.5    2
27.5    1
28.5    1
29.5    0
30.5    0
