-38.5    7
-37.5    9
-36.5    14
-35.5    17
-34.5    35
-33.5    51
-32.5    65
-31.5    84
-30.5    114
-29.5    153
-28.5    218
-27.5    287
-26.5    333
-25.5    425
-24.5    539
-23.5    676
-22.5    715
-21.5    826
-20.5    925
-19.5    1018
-18.5    1148
-17.5    1289
-16.5    1350
-15.5    1420
-14.5    1414
-13.5    1459
-12.5    1376
-11.5    1372
-10.5    1346
-9.5    1308
-8.5    1192
-7.5    1057
-6.5    998
-5.5    854
-4.5    795
-3.5    688
-2.5    660
-1.5    592
-0.5    558
0.5    425
1.5    437
2.5    404
3.5    393
4.5    362
5.5    375
6.5    309
7.5    314
8.5    248
9.5    261
10.5    205
11.5    181
12.5    176
13.5    135
14.5    128
15.5    81
16.5    70
17.5    54
18.5    54
19.5    32
20.5    23
21.5    19
22.5    15
23.5    12
24.5    10
25.5    6
26.5    1
27.5    1
28.5    2
29.5    1
30.5    2
