-38.5    6
-37.5    7
-36.5    18
-35.5    16
-34.5    43
-33.5    43
-32.5    64
-31.5    91
-30.5    119
-29.5    151
-28.5    180
-27.5    304
-26.5    343
-25.5    422
-24.5    503
-23.5    643
-22.5    660
-21.5    833
-20.5    903
-19.5    1051
-18.5    1086
-17.5    1181
-16.5    1262
-15.5    1281
-14.5    1331
-13.5    1401
-12.5    1335
-11.5    1334
-10.5    1208
-9.5    1224
-8.5    1141
-7.5    1000
-6.5    943
-5.5    874
-4.5    807
-3.5    708
-2.5    648
-1.5    575
-0.5    579
0.5    494
1.5    501
2.5    479
3.5    441
4.5    420
5.5    400
6.5    386
7.5    344
8.5    317
9.5    323
10.5    242
11.5    226
12.5    218
13.5    161
14.5    161
15.5    90
16.5    84
17.5    64
18.5    59
19.5    37
20.5    32
21.5    25
22.5    15
23.5    20
24.5    12
25.5    5
26.5    1
27.5    3
28.5    3
29.5    2
30.5    1
