-38.5    0
-37.5    0
-36.5    0
-35.5    0
-34.5    1
-33.5    1
-32.5    3
-31.5    10
-30.5    5
-29.5    15
-28.5    42
-27.5    63
-26.5    106
-25.5    185
-24.5    250
-23.5    327
-22.5    603
-21.5    738
-20.5    957
-19.5    1347
-18.5    1592
-17.5    1845
-16.5    2077
-15.5    2327
-14.5    2428
-13.5    2558
-12.5    2457
-11.5    2257
-10.5    2002
-9.5    1880
-8.5    1522
-7.5    1198
-6.5    928
-5.5    734
-4.5    527
-3.5    333
-2.5    212
-1.5    137
-0.5    113
0.5    66
1.5    39
2.5    22
3.5    14
4.5    7
5.5    4
6.5    4
7.5    6
8.5    3
9.5    5
10.5    8
11.5    6
12.5    5
13.5    7
14.5    8
15.5    10
16.5    5
17.5    6
18.5    1
19.5    3
20.5    3
21.5    1
22.5    1
23.5    2
24.5    1
25.5    1
26.5    0
27.5    0
28.5    0
29.5    1
30.5    0
