-38.5    0
-37.5    1
-36.5    2
-35.5    3
-34.5    1
-33.5    2
-32.5    3
-31.5    1
-30.5    2
-29.5    2
-28.5    3
-27.5    10
-26.5    11
-25.5    12
-24.5    16
-23.5    23
-22.5    40
-21.5    35
-20.5    58
-19.5    70
-18.5    128
-17.5    155
-16.5    223
-15.5    322
-14.5    374
-13.5    483
-12.5    615
-11.5    796
-10.5    927
-9.5    1099
-8.5    1291
-7.5    1526
-6.5    1743
-5.5    1949
-4.5    2103
-3.5    2253
-2.5    2487
-1.5    2484
-0.5    2460
0.5    2642
1.5    2500
2.5    2389
3.5    2274
4.5    2096
5.5    2044
6.5    1820
7.5    1548
8.5    1311
9.5    1159
10.5    925
11.5    783
12.5    652
13.5    449
14.5    383
15.5    295
16.5    231
17.5    169
18.5    128
19.5    93
20.5    61
21.5    44
22.5    27
23.5    18
24.5    20
25.5    5
26.5    6
27.5    5
28.5    1
29.5    1
30.5    0
