-38.5    4
-37.5    20
-36.5    20
-35.5    24
-34.5    30
-33.5    38
-32.5    49
-31.5    78
-30.5    129
-29.5    131
-28.5    160
-27.5    222
-26.5    260
-25.5    322
-24.5    362
-23.5    430
-22.5    476
-21.5    568
-20.5    645
-19.5    695
-18.5    726
-17.5    801
-16.5    738
-15.5    739
-14.5    848
-13.5    814
-12.5    768
-11.5    868
-10.5    821
-9.5    858
-8.5    880
-7.5    855
-6.5    879
-5.5    882
-4.5    913
-3.5    963
-2.5    904
-1.5    965
-0.5    994
0.5    1049
1.5    1022
2.5    947
3.5    924
4.5    970
5.5    852
6.5    823
7.5    714
8.5    606
9.5    614
10.5    479
11.5    436
12.5    352
13.5    283
14.5    221
15.5    188
16.5    149
17.5    112
18.5    82
19.5    72
20.5    54
21.5    30
22.5    21
23.5    15
24.5    8
25.5    6
26.5    4
27.5    2
28.5    1
29.5    3
30.5    2
