-38.5    6
-37.5    9
-36.5    18
-35.5    22
-34.5    29
-33.5    37
-32.5    58
-31.5    84
-30.5    119
-29.5    132
-28.5    168
-27.5    223
-26.5    258
-25.5    323
-24.5    368
-23.5    428
-22.5    520
-21.5    638
-20.5    626
-19.5    767
-18.5    780
-17.5    846
-16.5    815
-15.5    812
-14.5    898
-13.5    863
-12.5    838
-11.5    899
-10.5    844
-9.5    779
-8.5    834
-7.5    871
-6.5    819
-5.5    846
-4.5    850
-3.5    888
-2.5    918
-1.5    936
-0.5    989
0.5    1076
1.5    961
2.5    973
3.5    886
4.5    858
5.5    834
6.5    753
7.5    701
8.5    581
9.5    617
10.5    456
11.5    433
12.5    342
13.5    278
14.5    246
15.5    165
16.5    153
17.5    116
18.5    107
19.5    72
20.5    48
21.5    41
22.5    16
23.5    14
24.5    15
25.5    6
26.5    8
27.5    3
28.5    3
29.5    4
30.5    3
