-38.5    5
-37.5    15
-36.5    15
-35.5    19
-34.5    36
-33.5    49
-32.5    65
-31.5    120
-30.5    161
-29.5    182
-28.5    239
-27.5    330
-26.5    361
-25.5    479
-24.5    583
-23.5    680
-22.5    793
-21.5    943
-20.5    1089
-19.5    1202
-18.5    1353
-17.5    1473
-16.5    1543
-15.5    1694
-14.5    1729
-13.5    1706
-12.5    1650
-11.5    1683
-10.5    1524
-9.5    1488
-8.5    1392
-7.5    1239
-6.5    1165
-5.5    1021
-4.5    854
-3.5    723
-2.5    597
-1.5    501
-0.5    381
0.5    322
1.5    256
2.5    215
3.5    161
4.5    103
5.5    106
6.5    63
7.5    52
8.5    36
9.5    40
10.5    24
11.5    21
12.5    13
13.5    8
14.5    6
15.5    4
16.5    4
17.5    4
18.5    2
19.5    3
20.5    2
21.5    3
22.5    1
23.5    2
24.5    0
25.5    1
26.5    1
27.5    0
28.5    0
29.5    0
30.5    1
