-38.5    1
-37.5    0
-36.5    0
-35.5    0
-34.5    0
-33.5    1
-32.5    1
-31.5    7
-30.5    10
-29.5    16
-28.5    36
-27.5    50
-26.5    94
-25.5    172
-24.5    238
-23.5    307
-22.5    488
-21.5    657
-20.5    810
-19.5    992
-18.5    1171
-17.5    1331
-16.5    1491
-15.5    1547
-14.5    1530
-13.5    1544
-12.5    1492
-11.5    1258
-10.5    1144
-9.5    901
-8.5    720
-7.5    646
-6.5    495
-5.5    499
-4.5    451
-3.5    501
-2.5    541
-1.5    639
-0.5    783
0.5    798
1.5    920
2.5    1011
3.5    991
4.5    1008
5.5    946
6.5    793
7.5    680
8.5    598
9.5    440
10.5    364
11.5    264
12.5    189
13.5    129
14.5    90
15.5    53
16.5    34
17.5    25
18.5    11
19.5    6
20.5    2
21.5    2
22.5    0
23.5    1
24.5    1
25.5    0
26.5    2
27.5    2
28.5    1
29.5    0
30.5    1
