-38.5    0
-37.5    0
-36.5    1
-35.5    2
-34.5    0
-33.5    3
-32.5    7
-31.5    13
-30.5    26
-29.5    29
-28.5    52
-27.5    84
-26.5    107
-25.5    159
-24.5    244
-23.5    332
-22.5    383
-21.5    480
-20.5    584
-19.5    676
-18.5    711
-17.5    787
-16.5    719
-15.5    723
-14.5    690
-13.5    623
-12.5    579
-11.5    529
-10.5    470
-9.5    407
-8.5    513
-7.5    567
-6.5    730
-5.5    816
-4.5    1055
-3.5    1265
-2.5    1483
-1.5    1622
-0.5    1688
0.5    1784
1.5    1821
2.5    1689
3.5    1585
4.5    1383
5.5    1098
6.5    920
7.5    664
8.5    558
9.5    376
10.5    243
11.5    178
12.5    97
13.5    65
14.5    46
15.5    17
16.5    9
17.5    8
18.5    5
19.5    3
20.5    3
21.5    0
22.5    0
23.5    0
24.5    0
25.5    0
26.5    1
27.5    2
28.5    0
29.5    0
30.5    0
