-38.5    0
-37.5    3
-36.5    7
-35.5    8
-34.5    9
-33.5    12
-32.5    11
-31.5    22
-30.5    26
-29.5    28
-28.5    42
-27.5    55
-26.5    47
-25.5    71
-24.5    74
-23.5    102
-22.5    118
-21.5    133
-20.5    145
-19.5    162
-18.5    178
-17.5    226
-16.5    226
-15.5    313
-14.5    352
-13.5    395
-12.5    475
-11.5    528
-10.5    696
-9.5    744
-8.5    889
-7.5    950
-6.5    1070
-5.5    1188
-4.5    1310
-3.5    1402
-2.5    1485
-1.5    1569
-0.5    1595
0.5    1642
1.5    1585
2.5    1461
3.5    1446
4.5    1346
5.5    1230
6.5    1096
7.5    975
8.5    869
9.5    705
10.5    569
11.5    542
12.5    390
13.5    304
14.5    262
15.5    181
16.5    143
17.5    107
18.5    84
19.5    54
20.5    49
21.5    23
22.5    17
23.5    17
24.5    11
25.5    12
26.5    5
27.5    3
28.5    0
29.5    2
30.5    1
