-38.5    7
-37.5    9
-36.5    6
-35.5    18
-34.5    30
-33.5    48
-32.5    62
-31.5    82
-30.5    99
-29.5    127
-28.5    125
-27.5    162
-26.5    187
-25.5    284
-24.5    300
-23.5    359
-22.5    393
-21.5    444
-20.5    480
-19.5    525
-18.5    569
-17.5    588
-16.5    654
-15.5    648
-14.5    642
-13.5    681
-12.5    687
-11.5    734
-10.5    768
-9.5    778
-8.5    829
-7.5    842
-6.5    973
-5.5    990
-4.5    1029
-3.5    1142
-2.5    1162
-1.5    1199
-0.5    1125
0.5    1236
1.5    1174
2.5    1177
3.5    1115
4.5    1053
5.5    981
6.5    924
7.5    866
8.5    716
9.5    615
10.5    521
11.5    438
12.5    340
13.5    276
14.5    260
15.5    190
16.5    129
17.5    101
18.5    80
19.5    37
20.5    33
21.5    25
22.5    15
23.5    14
24.5    13
25.5    11
26.5    4
27.5    4
28.5    1
29.5    2
30.5    0
