-38.5    1
-37.5    0
-36.5    1
-35.5    2
-34.5    3
-33.5    3
-32.5    6
-31.5    2
-30.5    6
-29.5    3
-28.5    9
-27.5    8
-26.5    27
-25.5    10
-24.5    23
-23.5    22
-22.5    39
-21.5    32
-20.5    58
-19.5    80
-18.5    106
-17.5    144
-16.5    144
-15.5    214
-14.5    257
-13.5    336
-12.5    422
-11.5    538
-10.5    639
-9.5    779
-8.5    859
-7.5    1002
-6.5    1138
-5.5    1268
-4.5    1455
-3.5    1510
-2.5    1562
-1.5    1702
-0.5    1656
0.5    1695
1.5    1660
2.5    1597
3.5    1505
4.5    1383
5.5    1282
6.5    1160
7.5    1020
8.5    869
9.5    740
10.5    688
11.5    534
12.5    412
13.5    320
14.5    255
15.5    183
16.5    145
17.5    98
18.5    87
19.5    69
20.5    34
21.5    21
22.5    18
23.5    12
24.5    6
25.5    6
26.5    5
27.5    2
28.5    5
29.5    0
30.5    1
