-38.5    3
-37.5    0
-36.5    1
-35.5    0
-34.5    3
-33.5    7
-32.5    12
-31.5    12
-30.5    16
-29.5    20
-28.5    51
-27.5    61
-26.5    116
-25.5    188
-24.5    223
-23.5    274
-22.5    293
-21.5    431
-20.5    503
-19.5    560
-18.5    616
-17.5    609
-16.5    612
-15.5    584
-14.5    519
-13.5    496
-12.5    504
-11.5    424
-10.5    417
-9.5    452
-8.5    565
-7.5    694
-6.5    795
-5.5    1033
-4.5    1225
-3.5    1472
-2.5    1721
-1.5    1833
-0.5    1960
0.5    1938
1.5    1870
2.5    1759
3.5    1505
4.5    1367
5.5    1088
6.5    934
7.5    689
8.5    505
9.5    319
10.5    240
11.5    170
12.5    98
13.5    74
14.5    34
15.5    23
16.5    2
17.5    5
18.5    2
19.5    3
20.5    1
21.5    0
22.5    0
23.5    0
24.5    0
25.5    2
26.5    0
27.5    0
28.5    1
29.5    0
30.5    0
