-38.5    1
-37.5    0
-36.5    1
-35.5    2
-34.5    1
-33.5    1
-32.5    3
-31.5    2
-30.5    1
-29.5    3
-28.5    5
-27.5    9
-26.5    15
-25.5    9
-24.5    8
-23.5    16
-22.5    27
-21.5    28
-20.5    48
-19.5    66
-18.5    86
-17.5    127
-16.5    163
-15.5    239
-14.5    220
-13.5    338
-12.5    421
-11.5    527
-10.5    623
-9.5    749
-8.5    841
-7.5    1027
-6.5    1134
-5.5    1253
-4.5    1478
-3.5    1534
-2.5    1588
-1.5    1691
-0.5    1624
0.5    1751
1.5    1630
2.5    1601
3.5    1478
4.5    1400
5.5    1321
6.5    1217
7.5    1017
8.5    887
9.5    759
10.5    626
11.5    522
12.5    418
13.5    340
14.5    266
15.5    191
16.5    158
17.5    100
18.5    88
19.5    76
20.5    34
21.5    25
22.5    14
23.5    14
24.5    6
25.5    2
26.5    3
27.5    4
28.5    3
29.5    0
30.5    1
