-38.5    2
-37.5    15
-36.5    12
-35.5    25
-34.5    20
-33.5    49
-32.5    58
-31.5    106
-30.5    146
-29.5    162
-28.5    230
-27.5    310
-26.5    372
-25.5    499
-24.5    588
-23.5    692
-22.5    812
-21.5    954
-20.5    1095
-19.5    1176
-18.5    1362
-17.5    1465
-16.5    1555
-15.5    1607
-14.5    1700
-13.5    1611
-12.5    1588
-11.5    1641
-10.5    1606
-9.5    1452
-8.5    1382
-7.5    1210
-6.5    1133
-5.5    987
-4.5    864
-3.5    694
-2.5    584
-1.5    495
-0.5    417
0.5    312
1.5    251
2.5    198
3.5    161
4.5    125
5.5    97
6.5    70
7.5    65
8.5    50
9.5    40
10.5    19
11.5    17
12.5    22
13.5    16
14.5    12
15.5    9
16.5    10
17.5    10
18.5    3
19.5    5
20.5    7
21.5    2
22.5    3
23.5    2
24.5    1
25.5    1
26.5    5
27.5    0
28.5    0
29.5    0
30.5    1
