-38.5    1
-37.5    0
-36.5    0
-35.5    0
-34.5    0
-33.5    2
-32.5    5
-31.5    5
-30.5    14
-29.5    18
-28.5    39
-27.5    68
-26.5    95
-25.5    175
-24.5    239
-23.5    367
-22.5    568
-21.5    805
-20.5    1050
-19.5    1304
-18.5    1589
-17.5    1840
-16.5    2131
-15.5    2284
-14.5    2497
-13.5    2477
-12.5    2465
-11.5    2232
-10.5    2044
-9.5    1824
-8.5    1478
-7.5    1284
-6.5    978
-5.5    787
-4.5    532
-3.5    363
-2.5    230
-1.5    154
-0.5    98
0.5    74
1.5    39
2.5    19
3.5    17
4.5    11
5.5    6
6.5    12
7.5    2
8.5    5
9.5    2
10.5    1
11.5    1
12.5    1
13.5    4
14.5    0
15.5    0
16.5    0
17.5    0
18.5    1
19.5    0
20.5    0
21.5    1
22.5    1
23.5    0
24.5    1
25.5    0
26.5    0
27.5    1
28.5    0
29.5    0
30.5    0
