-38.5    2
-37.5    1
-36.5    0
-35.5    3
-34.5    3
-33.5    4
-32.5    4
-31.5    13
-30.5    17
-29.5    18
-28.5    46
-27.5    64
-26.5    124
-25.5    151
-24.5    238
-23.5    376
-22.5    463
-21.5    607
-20.5    796
-19.5    878
-18.5    1009
-17.5    1220
-16.5    1280
-15.5    1278
-14.5    1245
-13.5    1195
-12.5    1077
-11.5    965
-10.5    788
-9.5    713
-8.5    548
-7.5    548
-6.5    493
-5.5    538
-4.5    573
-3.5    676
-2.5    834
-1.5    972
-0.5    1129
0.5    1181
1.5    1247
2.5    1295
3.5    1295
4.5    1204
5.5    1007
6.5    910
7.5    735
8.5    607
9.5    509
10.5    418
11.5    245
12.5    157
13.5    128
14.5    72
15.5    43
16.5    31
17.5    17
18.5    10
19.5    4
20.5    1
21.5    0
22.5    0
23.5    1
24.5    1
25.5    1
26.5    0
27.5    0
28.5    2
29.5    1
30.5    0
