-38.5    0
-37.5    0
-36.5    0
-35.5    0
-34.5    0
-33.5    3
-32.5    4
-31.5    15
-30.5    13
-29.5    21
-28.5    33
-27.5    63
-26.5    125
-25.5    194
-24.5    314
-23.5    464
-22.5    610
-21.5    923
-20.5    1262
-19.5    1528
-18.5    1909
-17.5    2135
-16.5    2440
-15.5    2553
-14.5    2648
-13.5    2641
-12.5    2574
-11.5    2346
-10.5    2066
-9.5    1881
-8.5    1481
-7.5    1087
-6.5    970
-5.5    769
-4.5    688
-3.5    589
-2.5    610
-1.5    707
-0.5    763
0.5    888
1.5    949
2.5    1061
3.5    1176
4.5    1113
5.5    1044
6.5    1106
7.5    882
8.5    796
9.5    627
10.5    500
11.5    358
12.5    282
13.5    186
14.5    124
15.5    78
16.5    52
17.5    36
18.5    25
19.5    9
20.5    5
21.5    5
22.5    1
23.5    0
24.5    0
25.5    1
26.5    3
27.5    1
28.5    0
29.5    1
30.5    2
