-38.5    8
-37.5    13
-36.5    11
-35.5    28
-34.5    27
-33.5    48
-32.5    70
-31.5    92
-30.5    142
-29.5    168
-28.5    228
-27.5    317
-26.5    366
-25.5    484
-24.5    594
-23.5    696
-22.5    778
-21.5    949
-20.5    1144
-19.5    1251
-18.5    1379
-17.5    1415
-16.5    1547
-15.5    1595
-14.5    1668
-13.5    1667
-12.5    1618
-11.5    1578
-10.5    1588
-9.5    1471
-8.5    1333
-7.5    1222
-6.5    1080
-5.5    980
-4.5    831
-3.5    662
-2.5    604
-1.5    465
-0.5    369
0.5    339
1.5    287
2.5    178
3.5    128
4.5    126
5.5    82
6.5    69
7.5    50
8.5    30
9.5    20
10.5    17
11.5    21
12.5    9
13.5    8
14.5    5
15.5    6
16.5    4
17.5    1
18.5    6
19.5    1
20.5    2
21.5    1
22.5    1
23.5    2
24.5    1
25.5    0
26.5    2
27.5    1
28.5    0
29.5    0
30.5    0
