-38.5    1
-37.5    1
-36.5    1
-35.5    3
-34.5    4
-33.5    5
-32.5    5
-31.5    6
-30.5    16
-29.5    12
-28.5    14
-27.5    14
-26.5    34
-25.5    16
-24.5    44
-23.5    48
-22.5    53
-21.5    39
-20.5    64
-19.5    86
-18.5    147
-17.5    161
-16.5    155
-15.5    206
-14.5    306
-13.5    357
-12.5    446
-11.5    528
-10.5    645
-9.5    761
-8.5    872
-7.5    1002
-6.5    1135
-5.5    1264
-4.5    1355
-3.5    1496
-2.5    1532
-1.5    1622
-0.5    1691
0.5    1656
1.5    1617
2.5    1541
3.5    1482
4.5    1370
5.5    1226
6.5    1137
7.5    1026
8.5    824
9.5    729
10.5    662
11.5    526
12.5    416
13.5    318
14.5    249
15.5    197
16.5    120
17.5    103
18.5    86
19.5    49
20.5    34
21.5    30
22.5    23
23.5    14
24.5    10
25.5    5
26.5    6
27.5    2
28.5    5
29.5    0
30.5    1
