-38.5    0
-37.5    5
-36.5    9
-35.5    4
-34.5    14
-33.5    18
-32.5    23
-31.5    25
-30.5    37
-29.5    36
-28.5    55
-27.5    77
-26.5    81
-25.5    105
-24.5    100
-23.5    127
-22.5    136
-21.5    165
-20.5    206
-19.5    221
-18.5    226
-17.5    262
-16.5    293
-15.5    351
-14.5    387
-13.5    441
-12.5    511
-11.5    570
-10.5    678
-9.5    785
-8.5    876
-7.5    943
-6.5    1094
-5.5    1248
-4.5    1299
-3.5    1310
-2.5    1437
-1.5    1520
-0.5    1517
0.5    1503
1.5    1510
2.5    1405
3.5    1406
4.5    1277
5.5    1194
6.5    1084
7.5    966
8.5    848
9.5    697
10.5    563
11.5    502
12.5    390
13.5    296
14.5    252
15.5    179
16.5    135
17.5    113
18.5    80
19.5    59
20.5    48
21.5    30
22.5    20
23.5    15
24.5    8
25.5    7
26.5    4
27.5    7
28.5    2
29.5    1
30.5    1
