-38.5    8
-37.5    11
-36.5    17
-35.5    31
-34.5    34
-33.5    38
-32.5    61
-31.5    73
-30.5    101
-29.5    133
-28.5    179
-27.5    235
-26.5    313
-25.5    370
-24.5    465
-23.5    492
-22.5    667
-21.5    704
-20.5    834
-19.5    897
-18.5    977
-17.5    1035
-16.5    1085
-15.5    1106
-14.5    1174
-13.5    1077
-12.5    1096
-11.5    1075
-10.5    1103
-9.5    1021
-8.5    971
-7.5    972
-6.5    845
-5.5    822
-4.5    803
-3.5    759
-2.5    669
-1.5    697
-0.5    685
0.5    681
1.5    728
2.5    658
3.5    655
4.5    628
5.5    596
6.5    571
7.5    545
8.5    495
9.5    448
10.5    430
11.5    386
12.5    339
13.5    224
14.5    195
15.5    168
16.5    130
17.5    103
18.5    73
19.5    55
20.5    43
21.5    35
22.5    13
23.5    19
24.5    10
25.5    6
26.5    5
27.5    5
28.5    2
29.5    1
30.5    2
