-38.5    5
-37.5    7
-36.5    10
-35.5    25
-34.5    28
-33.5    52
-32.5    69
-31.5    90
-30.5    109
-29.5    158
-28.5    225
-27.5    281
-26.5    341
-25.5    437
-24.5    529
-23.5    627
-22.5    769
-21.5    852
-20.5    958
-19.5    1085
-18.5    1191
-17.5    1306
-16.5    1373
-15.5    1504
-14.5    1434
-13.5    1543
-12.5    1472
-11.5    1448
-10.5    1415
-9.5    1337
-8.5    1235
-7.5    1136
-6.5    1040
-5.5    864
-4.5    769
-3.5    689
-2.5    642
-1.5    589
-0.5    516
0.5    402
1.5    362
2.5    332
3.5    307
4.5    298
5.5    290
6.5    232
7.5    222
8.5    177
9.5    194
10.5    138
11.5    146
12.5    121
13.5    97
14.5    94
15.5    72
16.5    60
17.5    33
18.5    44
19.5    25
20.5    18
21.5    18
22.5    9
23.5    10
24.5    2
25.5    6
26.5    2
27.5    0
28.5    4
29.5    1
30.5    2
