-38.5    1
-37.5    1
-36.5    5
-35.5    4
-34.5    1
-33.5    5
-32.5    7
-31.5    15
-30.5    31
-29.5    40
-28.5    56
-27.5    100
-26.5    163
-25.5    246
-24.5    388
-23.5    530
-22.5    628
-21.5    772
-20.5    991
-19.5    1148
-18.5    1287
-17.5    1344
-16.5    1420
-15.5    1494
-14.5    1372
-13.5    1231
-12.5    1136
-11.5    895
-10.5    801
-9.5    752
-8.5    763
-7.5    768
-6.5    865
-5.5    1073
-4.5    1356
-3.5    1617
-2.5    1786
-1.5    2136
-0.5    2295
0.5    2421
1.5    2458
2.5    2409
3.5    2211
4.5    1974
5.5    1663
6.5    1405
7.5    1215
8.5    870
9.5    650
10.5    445
11.5    284
12.5    185
13.5    125
14.5    83
15.5    45
16.5    26
17.5    13
18.5    8
19.5    3
20.5    5
21.5    2
22.5    0
23.5    2
24.5    0
25.5    0
26.5    0
27.5    1
28.5    0
29.5    0
30.5    3
