-38.5    2
-37.5    0
-36.5    0
-35.5    1
-34.5    2
-33.5    2
-32.5    8
-31.5    7
-30.5    14
-29.5    13
-28.5    43
-27.5    65
-26.5    103
-25.5    169
-24.5    248
-23.5    377
-22.5    571
-21.5    740
-20.5    1069
-19.5    1271
-18.5    1593
-17.5    1837
-16.5    2168
-15.5    2334
-14.5    2515
-13.5    2532
-12.5    2439
-11.5    2200
-10.5    2031
-9.5    1799
-8.5    1504
-7.5    1275
-6.5    981
-5.5    766
-4.5    527
-3.5    381
-2.5    230
-1.5    164
-0.5    94
0.5    84
1.5    38
2.5    31
3.5    15
4.5    12
5.5    7
6.5    8
7.5    0
8.5    3
9.5    1
10.5    0
11.5    0
12.5    2
13.5    1
14.5    0
15.5    0
16.5    1
17.5    0
18.5    1
19.5    0
20.5    1
21.5    2
22.5    1
23.5    0
24.5    0
25.5    0
26.5    0
27.5    1
28.5    0
29.5    0
30.5    0
