-38.5    1
-37.5    1
-36.5    1
-35.5    1
-34.5    3
-33.5    2
-32.5    4
-31.5    5
-30.5    10
-29.5    22
-28.5    37
-27.5    63
-26.5    103
-25.5    187
-24.5    244
-23.5    415
-22.5    596
-21.5    743
-20.5    1021
-19.5    1263
-18.5    1587
-17.5    1872
-16.5    2174
-15.5    2256
-14.5    2424
-13.5    2470
-12.5    2402
-11.5    2307
-10.5    2075
-9.5    1795
-8.5    1506
-7.5    1246
-6.5    950
-5.5    750
-4.5    533
-3.5    372
-2.5    246
-1.5    164
-0.5    90
0.5    63
1.5    39
2.5    33
3.5    15
4.5    15
5.5    12
6.5    14
7.5    7
8.5    9
9.5    6
10.5    1
11.5    4
12.5    3
13.5    3
14.5    0
15.5    3
16.5    0
17.5    3
18.5    0
19.5    0
20.5    0
21.5    0
22.5    0
23.5    0
24.5    1
25.5    0
26.5    0
27.5    1
28.5    0
29.5    1
30.5    0
