-38.5    1
-37.5    0
-36.5    0
-35.5    1
-34.5    0
-33.5    0
-32.5    0
-31.5    1
-30.5    1
-29.5    1
-28.5    0
-27.5    1
-26.5    1
-25.5    1
-24.5    1
-23.5    0
-22.5    1
-21.5    1
-20.5    0
-19.5    3
-18.5    1
-17.5    4
-16.5    13
-15.5    18
-14.5    36
-13.5    77
-12.5    108
-11.5    180
-10.5    290
-9.5    393
-8.5    618
-7.5    808
-6.5    1120
-5.5    1380
-4.5    1699
-3.5    1989
-2.5    2220
-1.5    2504
-0.5    2514
0.5    2562
1.5    2433
2.5    2266
3.5    2070
4.5    1664
5.5    1418
6.5    1077
7.5    845
8.5    590
9.5    428
10.5    244
11.5    167
12.5    102
13.5    65
14.5    40
15.5    13
16.5    12
17.5    5
18.5    7
19.5    1
20.5    0
21.5    0
22.5    0
23.5    0
24.5    0
25.5    0
26.5    1
27.5    1
28.5    0
29.5    0
30.5    1
