-38.5    4
-37.5    9
-36.5    12
-35.5    19
-34.5    24
-33.5    30
-32.5    40
-31.5    54
-30.5    70
-29.5    85
-28.5    117
-27.5    148
-26.5    146
-25.5    185
-24.5    236
-23.5    277
-22.5    260
-21.5    339
-20.5    381
-19.5    404
-18.5    429
-17.5    463
-16.5    492
-15.5    507
-14.5    549
-13.5    564
-12.5    609
-11.5    646
-10.5    721
-9.5    766
-8.5    806
-7.5    945
-6.5    965
-5.5    1080
-4.5    1144
-3.5    1315
-2.5    1252
-1.5    1319
-0.5    1314
0.5    1292
1.5    1345
2.5    1325
3.5    1218
4.5    1195
5.5    1108
6.5    981
7.5    875
8.5    748
9.5    665
10.5    591
11.5    440
12.5    371
13.5    287
14.5    248
15.5    161
16.5    132
17.5    101
18.5    74
19.5    53
20.5    38
21.5    26
22.5    13
23.5    7
24.5    5
25.5    6
26.5    2
27.5    5
28.5    0
29.5    2
30.5    2
