-38.5    1
-37.5    1
-36.5    4
-35.5    6
-34.5    5
-33.5    4
-32.5    4
-31.5    16
-30.5    18
-29.5    24
-28.5    29
-27.5    30
-26.5    39
-25.5    45
-24.5    54
-23.5    79
-22.5    81
-21.5    89
-20.5    99
-19.5    111
-18.5    173
-17.5    185
-16.5    192
-15.5    260
-14.5    326
-13.5    390
-12.5    461
-11.5    500
-10.5    659
-9.5    726
-8.5    894
-7.5    981
-6.5    1112
-5.5    1211
-4.5    1318
-3.5    1444
-2.5    1539
-1.5    1548
-0.5    1618
0.5    1686
1.5    1584
2.5    1534
3.5    1473
4.5    1360
5.5    1233
6.5    1155
7.5    1036
8.5    843
9.5    736
10.5    612
11.5    530
12.5    406
13.5    328
14.5    265
15.5    197
16.5    124
17.5    98
18.5    87
19.5    53
20.5    42
21.5    30
22.5    20
23.5    16
24.5    10
25.5    7
26.5    3
27.5    3
28.5    3
29.5    1
30.5    2
