-38.5    1
-37.5    1
-36.5    1
-35.5    4
-34.5    3
-33.5    9
-32.5    12
-31.5    9
-30.5    22
-29.5    22
-28.5    22
-27.5    31
-26.5    47
-25.5    69
-24.5    100
-23.5    83
-22.5    125
-21.5    136
-20.5    179
-19.5    195
-18.5    232
-17.5    288
-16.5    295
-15.5    346
-14.5    374
-13.5    453
-12.5    503
-11.5    577
-10.5    667
-9.5    767
-8.5    883
-7.5    954
-6.5    1107
-5.5    1231
-4.5    1357
-3.5    1411
-2.5    1448
-1.5    1579
-0.5    1625
0.5    1627
1.5    1575
2.5    1499
3.5    1431
4.5    1393
5.5    1219
6.5    1066
7.5    918
8.5    853
9.5    693
10.5    579
11.5    461
12.5    362
13.5    283
14.5    219
15.5    143
16.5    121
17.5    79
18.5    64
19.5    38
20.5    38
21.5    20
22.5    12
23.5    6
24.5    7
25.5    4
26.5    2
27.5    1
28.5    0
29.5    0
30.5    1
