-38.5    1
-37.5    2
-36.5    1
-35.5    4
-34.5    4
-33.5    7
-32.5    13
-31.5    10
-30.5    21
-29.5    25
-28.5    29
-27.5    48
-26.5    68
-25.5    76
-24.5    110
-23.5    101
-22.5    133
-21.5    160
-20.5    194
-19.5    229
-18.5    268
-17.5    318
-16.5    403
-15.5    447
-14.5    532
-13.5    631
-12.5    697
-11.5    840
-10.5    897
-9.5    1170
-8.5    1288
-7.5    1450
-6.5    1693
-5.5    1899
-4.5    2075
-3.5    2212
-2.5    2240
-1.5    2468
-0.5    2575
0.5    2413
1.5    2510
2.5    2415
3.5    2232
4.5    2147
5.5    1881
6.5    1712
7.5    1456
8.5    1309
9.5    1022
10.5    876
11.5    729
12.5    578
13.5    408
14.5    292
15.5    224
16.5    203
17.5    102
18.5    80
19.5    62
20.5    45
21.5    25
22.5    16
23.5    6
24.5    10
25.5    7
26.5    5
27.5    3
28.5    1
29.5    2
30.5    2
