-38.5    0
-37.5    1
-36.5    0
-35.5    2
-34.5    1
-33.5    2
-32.5    4
-31.5    3
-30.5    2
-29.5    1
-28.5    12
-27.5    8
-26.5    10
-25.5    14
-24.5    23
-23.5    16
-22.5    28
-21.5    38
-20.5    59
-19.5    54
-18.5    88
-17.5    121
-16.5    145
-15.5    181
-14.5    212
-13.5    303
-12.5    393
-11.5    476
-10.5    559
-9.5    717
-8.5    866
-7.5    1012
-6.5    1170
-5.5    1311
-4.5    1438
-3.5    1542
-2.5    1664
-1.5    1772
-0.5    1716
0.5    1813
1.5    1844
2.5    1681
3.5    1545
4.5    1450
5.5    1341
6.5    1130
7.5    1006
8.5    891
9.5    709
10.5    604
11.5    483
12.5    388
13.5    267
14.5    233
15.5    150
16.5    115
17.5    93
18.5    66
19.5    50
20.5    30
21.5    24
22.5    9
23.5    9
24.5    7
25.5    4
26.5    3
27.5    4
28.5    2
29.5    2
30.5    0
