-38.5    2
-37.5    2
-36.5    7
-35.5    11
-34.5    9
-33.5    13
-32.5    18
-31.5    29
-30.5    32
-29.5    52
-28.5    60
-27.5    100
-26.5    119
-25.5    139
-24.5    203
-23.5    254
-22.5    316
-21.5    316
-20.5    403
-19.5    467
-18.5    473
-17.5    519
-16.5    559
-15.5    644
-14.5    670
-13.5    693
-12.5    708
-11.5    785
-10.5    778
-9.5    819
-8.5    878
-7.5    958
-6.5    1002
-5.5    1060
-4.5    1142
-3.5    1159
-2.5    1251
-1.5    1254
-0.5    1287
0.5    1395
1.5    1217
2.5    1313
3.5    1234
4.5    1074
5.5    1011
6.5    917
7.5    888
8.5    729
9.5    647
10.5    540
11.5    436
12.5    351
13.5    291
14.5    212
15.5    140
16.5    129
17.5    84
18.5    80
19.5    49
20.5    23
21.5    25
22.5    22
23.5    13
24.5    8
25.5    8
26.5    2
27.5    2
28.5    1
29.5    0
30.5    1
