-38.5    0
-37.5    0
-36.5    0
-35.5    1
-34.5    0
-33.5    1
-32.5    0
-31.5    0
-30.5    0
-29.5    4
-28.5    2
-27.5    2
-26.5    2
-25.5    1
-24.5    2
-23.5    6
-22.5    10
-21.5    23
-20.5    32
-19.5    41
-18.5    52
-17.5    84
-16.5    118
-15.5    137
-14.5    220
-13.5    288
-12.5    386
-11.5    456
-10.5    582
-9.5    710
-8.5    892
-7.5    1011
-6.5    1180
-5.5    1341
-4.5    1427
-3.5    1650
-2.5    1627
-1.5    1896
-0.5    1748
0.5    1800
1.5    1781
2.5    1732
3.5    1649
4.5    1634
5.5    1352
6.5    1215
7.5    1030
8.5    806
9.5    710
10.5    581
11.5    479
12.5    386
13.5    304
14.5    246
15.5    167
16.5    113
17.5    78
18.5    66
19.5    30
20.5    31
21.5    18
22.5    16
23.5    4
24.5    0
25.5    2
26.5    3
27.5    2
28.5    1
29.5    0
30.5    2
