-38.5    0
-37.5    0
-36.5    1
-35.5    3
-34.5    2
-33.5    1
-32.5    1
-31.5    1
-30.5    2
-29.5    2
-28.5    1
-27.5    0
-26.5    4
-25.5    4
-24.5    7
-23.5    10
-22.5    21
-21.5    20
-20.5    42
-19.5    57
-18.5    88
-17.5    115
-16.5    154
-15.5    247
-14.5    286
-13.5    436
-12.5    558
-11.5    664
-10.5    865
-9.5    1064
-8.5    1332
-7.5    1512
-6.5    1769
-5.5    1992
-4.5    2154
-3.5    2445
-2.5    2533
-1.5    2679
-0.5    2668
0.5    2681
1.5    2689
2.5    2626
3.5    2337
4.5    2263
5.5    2120
6.5    1798
7.5    1576
8.5    1323
9.5    1083
10.5    887
11.5    717
12.5    553
13.5    417
14.5    327
15.5    256
16.5    185
17.5    142
18.5    75
19.5    63
20.5    35
21.5    22
22.5    18
23.5    16
24.5    9
25.5    5
26.5    7
27.5    1
28.5    1
29.5    1
30.5    2
