-38.5    4
-37.5    3
-36.5    9
-35.5    19
-34.5    21
-33.5    21
-32.5    45
-31.5    60
-30.5    86
-29.5    105
-28.5    178
-27.5    199
-26.5    319
-25.5    380
-24.5    492
-23.5    548
-22.5    652
-21.5    816
-20.5    880
-19.5    1091
-18.5    1229
-17.5    1279
-16.5    1297
-15.5    1376
-14.5    1374
-13.5    1441
-12.5    1451
-11.5    1346
-10.5    1302
-9.5    1240
-8.5    1170
-7.5    1031
-6.5    939
-5.5    865
-4.5    758
-3.5    692
-2.5    705
-1.5    551
-0.5    544
0.5    502
1.5    473
2.5    453
3.5    458
4.5    419
5.5    399
6.5    382
7.5    334
8.5    305
9.5    299
10.5    250
11.5    215
12.5    171
13.5    128
14.5    123
15.5    92
16.5    75
17.5    69
18.5    34
19.5    27
20.5    21
21.5    16
22.5    9
23.5    5
24.5    5
25.5    6
26.5    3
27.5    0
28.5    0
29.5    1
30.5    0
