-38.5    0
-37.5    6
-36.5    8
-35.5    20
-34.5    24
-33.5    38
-32.5    54
-31.5    86
-30.5    96
-29.5    133
-28.5    198
-27.5    258
-26.5    327
-25.5    445
-24.5    542
-23.5    661
-22.5    769
-21.5    902
-20.5    1103
-19.5    1201
-18.5    1414
-17.5    1482
-16.5    1610
-15.5    1658
-14.5    1660
-13.5    1633
-12.5    1610
-11.5    1601
-10.5    1540
-9.5    1426
-8.5    1290
-7.5    1138
-6.5    1051
-5.5    919
-4.5    741
-3.5    636
-2.5    504
-1.5    444
-0.5    412
0.5    294
1.5    270
2.5    237
3.5    214
4.5    206
5.5    155
6.5    131
7.5    114
8.5    102
9.5    94
10.5    80
11.5    72
12.5    69
13.5    45
14.5    37
15.5    36
16.5    28
17.5    25
18.5    15
19.5    10
20.5    9
21.5    8
22.5    6
23.5    3
24.5    2
25.5    1
26.5    2
27.5    0
28.5    0
29.5    2
30.5    0
