-38.5    1
-37.5    1
-36.5    0
-35.5    2
-34.5    0
-33.5    0
-32.5    0
-31.5    1
-30.5    2
-29.5    4
-28.5    7
-27.5    7
-26.5    8
-25.5    8
-24.5    13
-23.5    12
-22.5    21
-21.5    26
-20.5    30
-19.5    63
-18.5    68
-17.5    96
-16.5    147
-15.5    165
-14.5    219
-13.5    293
-12.5    362
-11.5    442
-10.5    599
-9.5    768
-8.5    880
-7.5    973
-6.5    1173
-5.5    1284
-4.5    1505
-3.5    1617
-2.5    1743
-1.5    1714
-0.5    1778
0.5    1839
1.5    1709
2.5    1678
3.5    1596
4.5    1476
5.5    1310
6.5    1141
7.5    1042
8.5    846
9.5    774
10.5    598
11.5    498
12.5    395
13.5    309
14.5    233
15.5    160
16.5    113
17.5    78
18.5    57
19.5    45
20.5    30
21.5    18
22.5    17
23.5    12
24.5    3
25.5    3
26.5    4
27.5    2
28.5    2
29.5    2
30.5    0
