-38.5    2
-37.5    7
-36.5    8
-35.5    8
-34.5    21
-33.5    16
-32.5    35
-31.5    52
-30.5    66
-29.5    108
-28.5    122
-27.5    157
-26.5    208
-25.5    273
-24.5    326
-23.5    416
-22.5    499
-21.5    614
-20.5    657
-19.5    690
-18.5    885
-17.5    879
-16.5    969
-15.5    1032
-14.5    1032
-13.5    1061
-12.5    1037
-11.5    1056
-10.5    1011
-9.5    1016
-8.5    965
-7.5    913
-6.5    953
-5.5    887
-4.5    927
-3.5    877
-2.5    873
-1.5    917
-0.5    885
0.5    911
1.5    973
2.5    908
3.5    853
4.5    790
5.5    717
6.5    717
7.5    591
8.5    544
9.5    483
10.5    450
11.5    348
12.5    312
13.5    238
14.5    169
15.5    172
16.5    123
17.5    71
18.5    59
19.5    54
20.5    32
21.5    23
22.5    17
23.5    5
24.5    11
25.5    5
26.5    3
27.5    5
28.5    1
29.5    1
30.5    1
