-38.5    0
-37.5    1
-36.5    1
-35.5    1
-34.5    1
-33.5    1
-32.5    3
-31.5    3
-30.5    1
-29.5    1
-28.5    8
-27.5    4
-26.5    10
-25.5    13
-24.5    22
-23.5    13
-22.5    18
-21.5    25
-20.5    41
-19.5    52
-18.5    91
-17.5    106
-16.5    145
-15.5    187
-14.5    222
-13.5    305
-12.5    401
-11.5    466
-10.5    540
-9.5    711
-8.5    858
-7.5    994
-6.5    1138
-5.5    1305
-4.5    1429
-3.5    1560
-2.5    1653
-1.5    1724
-0.5    1736
0.5    1763
1.5    1840
2.5    1641
3.5    1559
4.5    1467
5.5    1377
6.5    1185
7.5    1015
8.5    900
9.5    710
10.5    581
11.5    505
12.5    414
13.5    261
14.5    221
15.5    148
16.5    126
17.5    81
18.5    63
19.5    41
20.5    21
21.5    22
22.5    16
23.5    10
24.5    6
25.5    4
26.5    5
27.5    3
28.5    2
29.5    2
30.5    1
