-38.5    3
-37.5    3
-36.5    8
-35.5    8
-34.5    7
-33.5    6
-32.5    16
-31.5    31
-30.5    36
-29.5    43
-28.5    62
-27.5    73
-26.5    112
-25.5    143
-24.5    181
-23.5    204
-22.5    263
-21.5    282
-20.5    378
-19.5    390
-18.5    437
-17.5    480
-16.5    536
-15.5    589
-14.5    641
-13.5    657
-12.5    656
-11.5    727
-10.5    746
-9.5    845
-8.5    897
-7.5    970
-6.5    1011
-5.5    1106
-4.5    1170
-3.5    1185
-2.5    1284
-1.5    1313
-0.5    1377
0.5    1420
1.5    1367
2.5    1327
3.5    1300
4.5    1116
5.5    1067
6.5    907
7.5    889
8.5    747
9.5    620
10.5    531
11.5    435
12.5    354
13.5    281
14.5    196
15.5    151
16.5    125
17.5    95
18.5    72
19.5    49
20.5    23
21.5    29
22.5    15
23.5    11
24.5    5
25.5    11
26.5    2
27.5    2
28.5    0
29.5    0
30.5    1
