-38.5    2
-37.5    6
-36.5    7
-35.5    12
-34.5    25
-33.5    26
-32.5    54
-31.5    58
-30.5    90
-29.5    123
-28.5    184
-27.5    220
-26.5    315
-25.5    385
-24.5    484
-23.5    580
-22.5    694
-21.5    849
-20.5    973
-19.5    1079
-18.5    1205
-17.5    1282
-16.5    1342
-15.5    1411
-14.5    1475
-13.5    1519
-12.5    1535
-11.5    1443
-10.5    1348
-9.5    1263
-8.5    1154
-7.5    1032
-6.5    991
-5.5    889
-4.5    746
-3.5    724
-2.5    644
-1.5    570
-0.5    507
0.5    495
1.5    438
2.5    431
3.5    361
4.5    359
5.5    339
6.5    324
7.5    314
8.5    244
9.5    238
10.5    214
11.5    185
12.5    141
13.5    125
14.5    107
15.5    87
16.5    60
17.5    50
18.5    38
19.5    22
20.5    20
21.5    14
22.5    8
23.5    2
24.5    4
25.5    3
26.5    2
27.5    1
28.5    0
29.5    2
30.5    0
