-38.5    0
-37.5    1
-36.5    0
-35.5    0
-34.5    1
-33.5    1
-32.5    0
-31.5    1
-30.5    2
-29.5    2
-28.5    1
-27.5    2
-26.5    2
-25.5    4
-24.5    2
-23.5    6
-22.5    10
-21.5    18
-20.5    22
-19.5    40
-18.5    55
-17.5    60
-16.5    133
-15.5    150
-14.5    212
-13.5    270
-12.5    356
-11.5    472
-10.5    581
-9.5    705
-8.5    868
-7.5    989
-6.5    1165
-5.5    1315
-4.5    1456
-3.5    1667
-2.5    1669
-1.5    1836
-0.5    1784
0.5    1814
1.5    1703
2.5    1738
3.5    1659
4.5    1570
5.5    1375
6.5    1200
7.5    1081
8.5    809
9.5    724
10.5    619
11.5    487
12.5    401
13.5    320
14.5    259
15.5    185
16.5    127
17.5    81
18.5    71
19.5    37
20.5    34
21.5    23
22.5    17
23.5    2
24.5    0
25.5    1
26.5    2
27.5    4
28.5    1
29.5    0
30.5    1
