-38.5    0
-37.5    0
-36.5    1
-35.5    2
-34.5    0
-33.5    0
-32.5    1
-31.5    2
-30.5    1
-29.5    2
-28.5    3
-27.5    2
-26.5    5
-25.5    4
-24.5    9
-23.5    9
-22.5    12
-21.5    15
-20.5    26
-19.5    29
-18.5    67
-17.5    92
-16.5    108
-15.5    153
-14.5    209
-13.5    296
-12.5    370
-11.5    447
-10.5    616
-9.5    733
-8.5    842
-7.5    1000
-6.5    1197
-5.5    1335
-4.5    1422
-3.5    1596
-2.5    1652
-1.5    1752
-0.5    1774
0.5    1769
1.5    1799
2.5    1704
3.5    1594
4.5    1450
5.5    1372
6.5    1204
7.5    1026
8.5    841
9.5    697
10.5    621
11.5    499
12.5    372
13.5    269
14.5    214
15.5    167
16.5    115
17.5    93
18.5    45
19.5    47
20.5    21
21.5    10
22.5    17
23.5    5
24.5    8
25.5    1
26.5    5
27.5    2
28.5    3
29.5    1
30.5    2
