-38.5    3
-37.5    4
-36.5    7
-35.5    8
-34.5    12
-33.5    16
-32.5    19
-31.5    43
-30.5    51
-29.5    54
-28.5    96
-27.5    136
-26.5    152
-25.5    232
-24.5    247
-23.5    288
-22.5    383
-21.5    437
-20.5    491
-19.5    572
-18.5    655
-17.5    748
-16.5    774
-15.5    841
-14.5    801
-13.5    821
-12.5    821
-11.5    837
-10.5    858
-9.5    939
-8.5    908
-7.5    928
-6.5    967
-5.5    978
-4.5    989
-3.5    1030
-2.5    1051
-1.5    1050
-0.5    1109
0.5    1161
1.5    1131
2.5    1086
3.5    1037
4.5    987
5.5    969
6.5    923
7.5    763
8.5    687
9.5    551
10.5    491
11.5    419
12.5    355
13.5    242
14.5    210
15.5    150
16.5    135
17.5    106
18.5    72
19.5    48
20.5    33
21.5    20
22.5    15
23.5    11
24.5    14
25.5    7
26.5    3
27.5    3
28.5    3
29.5    1
30.5    1
