-38.5    1
-37.5    7
-36.5    8
-35.5    11
-34.5    21
-33.5    30
-32.5    43
-31.5    61
-30.5    86
-29.5    116
-28.5    162
-27.5    194
-26.5    257
-25.5    328
-24.5    412
-23.5    482
-22.5    619
-21.5    660
-20.5    774
-19.5    931
-18.5    1005
-17.5    1148
-16.5    1158
-15.5    1254
-14.5    1329
-13.5    1192
-12.5    1266
-11.5    1218
-10.5    1200
-9.5    1177
-8.5    1104
-7.5    1023
-6.5    891
-5.5    850
-4.5    836
-3.5    738
-2.5    712
-1.5    742
-0.5    646
0.5    690
1.5    623
2.5    609
3.5    601
4.5    611
5.5    563
6.5    499
7.5    420
8.5    404
9.5    383
10.5    327
11.5    250
12.5    238
13.5    187
14.5    148
15.5    125
16.5    84
17.5    69
18.5    47
19.5    41
20.5    23
21.5    22
22.5    12
23.5    9
24.5    7
25.5    5
26.5    2
27.5    2
28.5    1
29.5    0
30.5    0
