-38.5    1
-37.5    0
-36.5    1
-35.5    2
-34.5    1
-33.5    4
-32.5    3
-31.5    2
-30.5    2
-29.5    2
-28.5    12
-27.5    13
-26.5    14
-25.5    28
-24.5    22
-23.5    29
-22.5    45
-21.5    52
-20.5    74
-19.5    73
-18.5    93
-17.5    125
-16.5    162
-15.5    194
-14.5    217
-13.5    328
-12.5    416
-11.5    500
-10.5    607
-9.5    727
-8.5    869
-7.5    1032
-6.5    1195
-5.5    1316
-4.5    1378
-3.5    1531
-2.5    1586
-1.5    1798
-0.5    1760
0.5    1838
1.5    1730
2.5    1705
3.5    1545
4.5    1470
5.5    1320
6.5    1146
7.5    1020
8.5    843
9.5    718
10.5    601
11.5    500
12.5    360
13.5    266
14.5    197
15.5    151
16.5    119
17.5    83
18.5    73
19.5    44
20.5    33
21.5    17
22.5    11
23.5    4
24.5    7
25.5    3
26.5    2
27.5    1
28.5    1
29.5    0
30.5    0
