-38.5    2
-37.5    6
-36.5    9
-35.5    8
-34.5    17
-33.5    28
-32.5    38
-31.5    56
-30.5    80
-29.5    113
-28.5    156
-27.5    155
-26.5    210
-25.5    292
-24.5    383
-23.5    439
-22.5    503
-21.5    652
-20.5    725
-19.5    747
-18.5    897
-17.5    938
-16.5    1029
-15.5    1070
-14.5    1106
-13.5    1149
-12.5    1108
-11.5    1190
-10.5    1028
-9.5    1070
-8.5    996
-7.5    942
-6.5    904
-5.5    851
-4.5    853
-3.5    852
-2.5    857
-1.5    839
-0.5    848
0.5    828
1.5    856
2.5    808
3.5    815
4.5    653
5.5    682
6.5    666
7.5    574
8.5    552
9.5    463
10.5    416
11.5    349
12.5    293
13.5    215
14.5    170
15.5    141
16.5    115
17.5    68
18.5    58
19.5    46
20.5    35
21.5    23
22.5    15
23.5    6
24.5    15
25.5    8
26.5    2
27.5    3
28.5    3
29.5    0
30.5    1
