-38.5    5
-37.5    5
-36.5    17
-35.5    22
-34.5    23
-33.5    34
-32.5    41
-31.5    71
-30.5    87
-29.5    123
-28.5    169
-27.5    250
-26.5    291
-25.5    372
-24.5    455
-23.5    621
-22.5    695
-21.5    773
-20.5    889
-19.5    1050
-18.5    1166
-17.5    1239
-16.5    1337
-15.5    1469
-14.5    1447
-13.5    1447
-12.5    1495
-11.5    1423
-10.5    1525
-9.5    1456
-8.5    1410
-7.5    1396
-6.5    1435
-5.5    1361
-4.5    1414
-3.5    1422
-2.5    1396
-1.5    1485
-0.5    1441
0.5    1508
1.5    1516
2.5    1452
3.5    1426
4.5    1349
5.5    1225
6.5    1188
7.5    961
8.5    890
9.5    775
10.5    634
11.5    550
12.5    514
13.5    392
14.5    282
15.5    262
16.5    162
17.5    117
18.5    78
19.5    76
20.5    54
21.5    33
22.5    25
23.5    17
24.5    12
25.5    9
26.5    5
27.5    5
28.5    1
29.5    4
30.5    2
