-38.5    0
-37.5    1
-36.5    0
-35.5    0
-34.5    2
-33.5    1
-32.5    0
-31.5    2
-30.5    3
-29.5    0
-28.5    0
-27.5    0
-26.5    2
-25.5    4
-24.5    1
-23.5    6
-22.5    15
-21.5    12
-20.5    28
-19.5    43
-18.5    46
-17.5    51
-16.5    114
-15.5    175
-14.5    184
-13.5    290
-12.5    353
-11.5    455
-10.5    580
-9.5    721
-8.5    882
-7.5    1000
-6.5    1146
-5.5    1328
-4.5    1451
-3.5    1629
-2.5    1706
-1.5    1823
-0.5    1813
0.5    1823
1.5    1739
2.5    1687
3.5    1618
4.5    1561
5.5    1367
6.5    1201
7.5    1092
8.5    863
9.5    738
10.5    617
11.5    493
12.5    386
13.5    310
14.5    226
15.5    183
16.5    145
17.5    98
18.5    50
19.5    41
20.5    31
21.5    20
22.5    14
23.5    8
24.5    3
25.5    4
26.5    1
27.5    3
28.5    0
29.5    0
30.5    0
