-38.5    0
-37.5    0
-36.5    1
-35.5    1
-34.5    0
-33.5    1
-32.5    1
-31.5    2
-30.5    0
-29.5    1
-28.5    3
-27.5    3
-26.5    3
-25.5    4
-24.5    5
-23.5    12
-22.5    11
-21.5    13
-20.5    24
-19.5    34
-18.5    59
-17.5    83
-16.5    110
-15.5    172
-14.5    224
-13.5    303
-12.5    390
-11.5    459
-10.5    617
-9.5    752
-8.5    863
-7.5    1041
-6.5    1156
-5.5    1353
-4.5    1446
-3.5    1603
-2.5    1630
-1.5    1727
-0.5    1838
0.5    1804
1.5    1744
2.5    1661
3.5    1663
4.5    1536
5.5    1336
6.5    1239
7.5    1012
8.5    855
9.5    766
10.5    621
11.5    478
12.5    363
13.5    287
14.5    203
15.5    164
16.5    106
17.5    78
18.5    55
19.5    38
20.5    21
21.5    16
22.5    17
23.5    4
24.5    8
25.5    2
26.5    1
27.5    3
28.5    2
29.5    0
30.5    0
