-38.5    4
-37.5    5
-36.5    8
-35.5    21
-34.5    19
-33.5    31
-32.5    43
-31.5    49
-30.5    79
-29.5    103
-28.5    172
-27.5    176
-26.5    298
-25.5    357
-24.5    456
-23.5    548
-22.5    634
-21.5    769
-20.5    834
-19.5    1025
-18.5    1176
-17.5    1244
-16.5    1304
-15.5    1355
-14.5    1360
-13.5    1342
-12.5    1409
-11.5    1300
-10.5    1282
-9.5    1163
-8.5    1113
-7.5    1057
-6.5    915
-5.5    864
-4.5    764
-3.5    724
-2.5    690
-1.5    638
-0.5    609
0.5    521
1.5    532
2.5    491
3.5    545
4.5    463
5.5    454
6.5    395
7.5    380
8.5    336
9.5    329
10.5    295
11.5    228
12.5    201
13.5    142
14.5    119
15.5    101
16.5    81
17.5    64
18.5    39
19.5    41
20.5    21
21.5    16
22.5    8
23.5    8
24.5    5
25.5    5
26.5    7
27.5    0
28.5    0
29.5    0
30.5    2
