-38.5    3
-37.5    2
-36.5    6
-35.5    9
-34.5    7
-33.5    17
-32.5    19
-31.5    33
-30.5    43
-29.5    63
-28.5    69
-27.5    115
-26.5    121
-25.5    143
-24.5    214
-23.5    299
-22.5    364
-21.5    336
-20.5    420
-19.5    515
-18.5    570
-17.5    558
-16.5    595
-15.5    691
-14.5    725
-13.5    719
-12.5    772
-11.5    798
-10.5    801
-9.5    835
-8.5    880
-7.5    946
-6.5    1018
-5.5    1033
-4.5    1039
-3.5    1128
-2.5    1148
-1.5    1229
-0.5    1241
0.5    1272
1.5    1191
2.5    1205
3.5    1163
4.5    1081
5.5    1023
6.5    952
7.5    845
8.5    732
9.5    623
10.5    499
11.5    430
12.5    352
13.5    295
14.5    215
15.5    144
16.5    132
17.5    91
18.5    74
19.5    41
20.5    28
21.5    28
22.5    23
23.5    16
24.5    10
25.5    2
26.5    2
27.5    1
28.5    1
29.5    0
30.5    0
