-38.5    6
-37.5    5
-36.5    12
-35.5    23
-34.5    30
-33.5    43
-32.5    71
-31.5    119
-30.5    139
-29.5    210
-28.5    278
-27.5    347
-26.5    477
-25.5    634
-24.5    784
-23.5    1002
-22.5    1123
-21.5    1375
-20.5    1578
-19.5    1840
-18.5    1914
-17.5    2032
-16.5    2304
-15.5    2294
-14.5    2443
-13.5    2390
-12.5    2372
-11.5    2292
-10.5    2172
-9.5    1994
-8.5    1890
-7.5    1604
-6.5    1524
-5.5    1331
-4.5    1116
-3.5    970
-2.5    877
-1.5    793
-0.5    621
0.5    567
1.5    513
2.5    448
3.5    415
4.5    356
5.5    368
6.5    354
7.5    300
8.5    263
9.5    217
10.5    188
11.5    174
12.5    166
13.5    129
14.5    104
15.5    87
16.5    68
17.5    33
18.5    38
19.5    29
20.5    24
21.5    16
22.5    7
23.5    7
24.5    1
25.5    4
26.5    3
27.5    1
28.5    0
29.5    1
30.5    1
