-38.5    0
-37.5    0
-36.5    0
-35.5    2
-34.5    0
-33.5    1
-32.5    0
-31.5    0
-30.5    0
-29.5    2
-28.5    1
-27.5    0
-26.5    3
-25.5    0
-24.5    4
-23.5    11
-22.5    13
-21.5    21
-20.5    38
-19.5    44
-18.5    57
-17.5    84
-16.5    117
-15.5    139
-14.5    208
-13.5    306
-12.5    385
-11.5    457
-10.5    615
-9.5    728
-8.5    917
-7.5    1012
-6.5    1154
-5.5    1361
-4.5    1470
-3.5    1578
-2.5    1627
-1.5    1857
-0.5    1831
0.5    1803
1.5    1779
2.5    1691
3.5    1636
4.5    1615
5.5    1362
6.5    1232
7.5    1016
8.5    915
9.5    721
10.5    557
11.5    467
12.5    386
13.5    312
14.5    230
15.5    168
16.5    125
17.5    94
18.5    42
19.5    33
20.5    24
21.5    10
22.5    12
23.5    8
24.5    3
25.5    3
26.5    1
27.5    3
28.5    0
29.5    0
30.5    1
