-38.5    2
-37.5    3
-36.5    8
-35.5    9
-34.5    22
-33.5    31
-32.5    46
-31.5    70
-30.5    94
-29.5    130
-28.5    187
-27.5    216
-26.5    308
-25.5    399
-24.5    472
-23.5    621
-22.5    733
-21.5    908
-20.5    1002
-19.5    1108
-18.5    1226
-17.5    1343
-16.5    1502
-15.5    1511
-14.5    1549
-13.5    1597
-12.5    1526
-11.5    1538
-10.5    1458
-9.5    1306
-8.5    1233
-7.5    1017
-6.5    989
-5.5    894
-4.5    746
-3.5    673
-2.5    598
-1.5    581
-0.5    480
0.5    442
1.5    404
2.5    386
3.5    334
4.5    305
5.5    299
6.5    271
7.5    265
8.5    209
9.5    182
10.5    172
11.5    161
12.5    151
13.5    114
14.5    88
15.5    70
16.5    53
17.5    30
18.5    37
19.5    26
20.5    16
21.5    13
22.5    4
23.5    3
24.5    1
25.5    3
26.5    1
27.5    2
28.5    0
29.5    2
30.5    1
