-38.5    3
-37.5    5
-36.5    8
-35.5    24
-34.5    26
-33.5    38
-32.5    53
-31.5    86
-30.5    91
-29.5    146
-28.5    202
-27.5    252
-26.5    322
-25.5    445
-24.5    555
-23.5    692
-22.5    745
-21.5    858
-20.5    1088
-19.5    1193
-18.5    1330
-17.5    1439
-16.5    1596
-15.5    1563
-14.5    1653
-13.5    1603
-12.5    1686
-11.5    1583
-10.5    1429
-9.5    1327
-8.5    1258
-7.5    1173
-6.5    1048
-5.5    934
-4.5    753
-3.5    636
-2.5    524
-1.5    457
-0.5    401
0.5    326
1.5    296
2.5    242
3.5    231
4.5    208
5.5    189
6.5    163
7.5    143
8.5    112
9.5    115
10.5    99
11.5    89
12.5    94
13.5    67
14.5    48
15.5    42
16.5    36
17.5    27
18.5    21
19.5    16
20.5    9
21.5    5
22.5    6
23.5    5
24.5    0
25.5    1
26.5    3
27.5    0
28.5    0
29.5    0
30.5    0
