-38.5    4
-37.5    3
-36.5    9
-35.5    11
-34.5    23
-33.5    26
-32.5    38
-31.5    53
-30.5    89
-29.5    103
-28.5    153
-27.5    160
-26.5    250
-25.5    342
-24.5    398
-23.5    486
-22.5    599
-21.5    640
-20.5    788
-19.5    880
-18.5    959
-17.5    1071
-16.5    1150
-15.5    1187
-14.5    1289
-13.5    1174
-12.5    1228
-11.5    1188
-10.5    1127
-9.5    1139
-8.5    1040
-7.5    984
-6.5    874
-5.5    865
-4.5    857
-3.5    733
-2.5    752
-1.5    727
-0.5    705
0.5    764
1.5    701
2.5    690
3.5    639
4.5    661
5.5    609
6.5    563
7.5    496
8.5    470
9.5    403
10.5    343
11.5    303
12.5    229
13.5    191
14.5    161
15.5    135
16.5    109
17.5    76
18.5    56
19.5    41
20.5    30
21.5    22
22.5    14
23.5    13
24.5    6
25.5    4
26.5    1
27.5    3
28.5    0
29.5    0
30.5    0
