-38.5    0
-37.5    1
-36.5    1
-35.5    2
-34.5    0
-33.5    1
-32.5    1
-31.5    2
-30.5    0
-29.5    2
-28.5    5
-27.5    5
-26.5    10
-25.5    10
-24.5    13
-23.5    12
-22.5    17
-21.5    23
-20.5    39
-19.5    62
-18.5    77
-17.5    94
-16.5    165
-15.5    183
-14.5    227
-13.5    309
-12.5    418
-11.5    450
-10.5    558
-9.5    751
-8.5    859
-7.5    989
-6.5    1151
-5.5    1313
-4.5    1401
-3.5    1602
-2.5    1725
-1.5    1698
-0.5    1788
0.5    1803
1.5    1705
2.5    1675
3.5    1593
4.5    1490
5.5    1354
6.5    1188
7.5    1022
8.5    878
9.5    739
10.5    579
11.5    512
12.5    403
13.5    290
14.5    214
15.5    153
16.5    118
17.5    74
18.5    66
19.5    39
20.5    20
21.5    20
22.5    18
23.5    9
24.5    6
25.5    3
26.5    8
27.5    0
28.5    3
29.5    1
30.5    1
