-38.5    1
-37.5    0
-36.5    1
-35.5    1
-34.5    2
-33.5    4
-32.5    2
-31.5    2
-30.5    5
-29.5    9
-28.5    14
-27.5    17
-26.5    15
-25.5    29
-24.5    34
-23.5    41
-22.5    63
-21.5    61
-20.5    75
-19.5    86
-18.5    111
-17.5    163
-16.5    183
-15.5    222
-14.5    264
-13.5    357
-12.5    414
-11.5    521
-10.5    612
-9.5    756
-8.5    901
-7.5    982
-6.5    1189
-5.5    1336
-4.5    1415
-3.5    1484
-2.5    1593
-1.5    1736
-0.5    1734
0.5    1736
1.5    1746
2.5    1633
3.5    1554
4.5    1467
5.5    1305
6.5    1175
7.5    1065
8.5    866
9.5    735
10.5    588
11.5    511
12.5    378
13.5    263
14.5    210
15.5    160
16.5    119
17.5    80
18.5    68
19.5    38
20.5    25
21.5    17
22.5    15
23.5    4
24.5    2
25.5    3
26.5    1
27.5    1
28.5    2
29.5    0
30.5    0
