-38.5    4
-37.5    3
-36.5    8
-35.5    8
-34.5    13
-33.5    17
-32.5    15
-31.5    34
-30.5    44
-29.5    61
-28.5    76
-27.5    117
-26.5    132
-25.5    194
-24.5    245
-23.5    289
-22.5    366
-21.5    404
-20.5    450
-19.5    526
-18.5    654
-17.5    635
-16.5    678
-15.5    749
-14.5    745
-13.5    787
-12.5    785
-11.5    799
-10.5    835
-9.5    919
-8.5    863
-7.5    939
-6.5    1010
-5.5    1034
-4.5    991
-3.5    1092
-2.5    1087
-1.5    1146
-0.5    1179
0.5    1221
1.5    1130
2.5    1108
3.5    1109
4.5    1062
5.5    1029
6.5    937
7.5    793
8.5    742
9.5    607
10.5    499
11.5    425
12.5    342
13.5    260
14.5    203
15.5    155
16.5    133
17.5    102
18.5    76
19.5    49
20.5    31
21.5    27
22.5    16
23.5    11
24.5    13
25.5    3
26.5    0
27.5    0
28.5    2
29.5    0
30.5    0
