-38.5    3
-37.5    2
-36.5    4
-35.5    2
-34.5    4
-33.5    7
-32.5    14
-31.5    28
-30.5    32
-29.5    48
-28.5    66
-27.5    74
-26.5    109
-25.5    129
-24.5    146
-23.5    201
-22.5    224
-21.5    246
-20.5    314
-19.5    346
-18.5    391
-17.5    429
-16.5    474
-15.5    542
-14.5    552
-13.5    598
-12.5    618
-11.5    692
-10.5    733
-9.5    791
-8.5    892
-7.5    975
-6.5    997
-5.5    1231
-4.5    1151
-3.5    1261
-2.5    1323
-1.5    1377
-0.5    1438
0.5    1434
1.5    1436
2.5    1345
3.5    1337
4.5    1207
5.5    1104
6.5    1009
7.5    871
8.5    764
9.5    604
10.5    506
11.5    441
12.5    374
13.5    312
14.5    219
15.5    146
16.5    119
17.5    86
18.5    62
19.5    49
20.5    21
21.5    29
22.5    11
23.5    11
24.5    4
25.5    6
26.5    2
27.5    2
28.5    0
29.5    1
30.5    0
