-38.5    1
-37.5    4
-36.5    0
-35.5    2
-34.5    7
-33.5    8
-32.5    15
-31.5    21
-30.5    26
-29.5    30
-28.5    36
-27.5    57
-26.5    70
-25.5    82
-24.5    124
-23.5    132
-22.5    174
-21.5    222
-20.5    243
-19.5    256
-18.5    300
-17.5    339
-16.5    363
-15.5    451
-14.5    487
-13.5    505
-12.5    582
-11.5    613
-10.5    701
-9.5    804
-8.5    880
-7.5    958
-6.5    1063
-5.5    1223
-4.5    1294
-3.5    1344
-2.5    1427
-1.5    1495
-0.5    1497
0.5    1510
1.5    1531
2.5    1481
3.5    1356
4.5    1217
5.5    1204
6.5    1084
7.5    919
8.5    812
9.5    677
10.5    585
11.5    459
12.5    380
13.5    291
14.5    201
15.5    142
16.5    105
17.5    76
18.5    69
19.5    55
20.5    33
21.5    27
22.5    10
23.5    9
24.5    5
25.5    2
26.5    3
27.5    2
28.5    2
29.5    1
30.5    0
