-38.5    2
-37.5    3
-36.5    0
-35.5    2
-34.5    8
-33.5    9
-32.5    14
-31.5    24
-30.5    19
-29.5    43
-28.5    40
-27.5    77
-26.5    100
-25.5    99
-24.5    137
-23.5    173
-22.5    189
-21.5    247
-20.5    264
-19.5    307
-18.5    336
-17.5    375
-16.5    395
-15.5    497
-14.5    519
-13.5    536
-12.5    600
-11.5    681
-10.5    717
-9.5    778
-8.5    842
-7.5    943
-6.5    1026
-5.5    1279
-4.5    1185
-3.5    1326
-2.5    1390
-1.5    1440
-0.5    1478
0.5    1466
1.5    1439
2.5    1444
3.5    1348
4.5    1247
5.5    1140
6.5    1066
7.5    870
8.5    815
9.5    640
10.5    582
11.5    451
12.5    380
13.5    318
14.5    216
15.5    136
16.5    108
17.5    85
18.5    65
19.5    48
20.5    22
21.5    25
22.5    10
23.5    7
24.5    6
25.5    2
26.5    2
27.5    1
28.5    0
29.5    2
30.5    0
