-38.5    0
-37.5    1
-36.5    1
-35.5    2
-34.5    4
-33.5    8
-32.5    9
-31.5    13
-30.5    27
-29.5    25
-28.5    41
-27.5    38
-26.5    52
-25.5    73
-24.5    113
-23.5    110
-22.5    149
-21.5    174
-20.5    219
-19.5    211
-18.5    260
-17.5    323
-16.5    345
-15.5    395
-14.5    396
-13.5    494
-12.5    531
-11.5    577
-10.5    707
-9.5    768
-8.5    920
-7.5    986
-6.5    1088
-5.5    1206
-4.5    1348
-3.5    1358
-2.5    1492
-1.5    1547
-0.5    1528
0.5    1597
1.5    1523
2.5    1475
3.5    1397
4.5    1277
5.5    1205
6.5    1072
7.5    916
8.5    806
9.5    719
10.5    552
11.5    470
12.5    378
13.5    294
14.5    218
15.5    145
16.5    111
17.5    81
18.5    71
19.5    49
20.5    41
21.5    27
22.5    11
23.5    10
24.5    1
25.5    2
26.5    1
27.5    3
28.5    2
29.5    0
30.5    0
