-38.5    4
-37.5    5
-36.5    10
-35.5    13
-34.5    16
-33.5    27
-32.5    33
-31.5    49
-30.5    85
-29.5    104
-28.5    151
-27.5    164
-26.5    233
-25.5    310
-24.5    371
-23.5    466
-22.5    565
-21.5    643
-20.5    765
-19.5    858
-18.5    922
-17.5    996
-16.5    1102
-15.5    1161
-14.5    1192
-13.5    1189
-12.5    1215
-11.5    1224
-10.5    1077
-9.5    1097
-8.5    983
-7.5    953
-6.5    899
-5.5    853
-4.5    844
-3.5    814
-2.5    831
-1.5    763
-0.5    796
0.5    764
1.5    770
2.5    743
3.5    700
4.5    652
5.5    670
6.5    610
7.5    556
8.5    524
9.5    421
10.5    365
11.5    323
12.5    257
13.5    200
14.5    169
15.5    135
16.5    118
17.5    76
18.5    57
19.5    40
20.5    36
21.5    21
22.5    18
23.5    13
24.5    12
25.5    4
26.5    3
27.5    2
28.5    2
29.5    0
30.5    1
