-38.5    4
-37.5    3
-36.5    10
-35.5    11
-34.5    10
-33.5    24
-32.5    22
-31.5    51
-30.5    60
-29.5    75
-28.5    111
-27.5    158
-26.5    170
-25.5    226
-24.5    280
-23.5    362
-22.5    420
-21.5    449
-20.5    540
-19.5    645
-18.5    672
-17.5    786
-16.5    822
-15.5    913
-14.5    882
-13.5    884
-12.5    939
-11.5    904
-10.5    911
-9.5    924
-8.5    953
-7.5    913
-6.5    952
-5.5    916
-4.5    947
-3.5    1023
-2.5    1008
-1.5    1115
-0.5    1051
0.5    1077
1.5    1101
2.5    1034
3.5    1012
4.5    939
5.5    879
6.5    870
7.5    709
8.5    666
9.5    538
10.5    434
11.5    406
12.5    370
13.5    247
14.5    206
15.5    159
16.5    124
17.5    91
18.5    61
19.5    42
20.5    36
21.5    21
22.5    15
23.5    13
24.5    8
25.5    10
26.5    5
27.5    5
28.5    1
29.5    3
30.5    2
