-38.5    0
-37.5    1
-36.5    0
-35.5    1
-34.5    4
-33.5    2
-32.5    3
-31.5    3
-30.5    5
-29.5    13
-28.5    21
-27.5    26
-26.5    22
-25.5    25
-24.5    50
-23.5    51
-22.5    71
-21.5    74
-20.5    89
-19.5    93
-18.5    127
-17.5    193
-16.5    207
-15.5    256
-14.5    320
-13.5    391
-12.5    445
-11.5    555
-10.5    591
-9.5    771
-8.5    855
-7.5    977
-6.5    1155
-5.5    1349
-4.5    1410
-3.5    1470
-2.5    1616
-1.5    1682
-0.5    1729
0.5    1638
1.5    1712
2.5    1613
3.5    1523
4.5    1466
5.5    1297
6.5    1167
7.5    1053
8.5    885
9.5    720
10.5    571
11.5    513
12.5    404
13.5    288
14.5    220
15.5    159
16.5    113
17.5    84
18.5    58
19.5    40
20.5    25
21.5    22
22.5    12
23.5    6
24.5    2
25.5    3
26.5    2
27.5    3
28.5    3
29.5    1
30.5    1
