-38.5    1
-37.5    0
-36.5    1
-35.5    0
-34.5    0
-33.5    1
-32.5    1
-31.5    0
-30.5    2
-29.5    2
-28.5    4
-27.5    4
-26.5    4
-25.5    7
-24.5    10
-23.5    16
-22.5    18
-21.5    22
-20.5    24
-19.5    46
-18.5    65
-17.5    86
-16.5    116
-15.5    163
-14.5    203
-13.5    313
-12.5    361
-11.5    461
-10.5    602
-9.5    720
-8.5    897
-7.5    993
-6.5    1161
-5.5    1290
-4.5    1522
-3.5    1606
-2.5    1667
-1.5    1763
-0.5    1821
0.5    1815
1.5    1703
2.5    1672
3.5    1651
4.5    1559
5.5    1322
6.5    1194
7.5    1047
8.5    860
9.5    782
10.5    588
11.5    490
12.5    382
13.5    307
14.5    214
15.5    155
16.5    110
17.5    77
18.5    56
19.5    37
20.5    29
21.5    21
22.5    16
23.5    10
24.5    6
25.5    2
26.5    0
27.5    3
28.5    0
29.5    1
30.5    0
