-38.5    1
-37.5    11
-36.5    6
-35.5    19
-34.5    18
-33.5    29
-32.5    45
-31.5    52
-30.5    74
-29.5    118
-28.5    155
-27.5    203
-26.5    274
-25.5    318
-24.5    405
-23.5    514
-22.5    647
-21.5    701
-20.5    794
-19.5    974
-18.5    1096
-17.5    1198
-16.5    1215
-15.5    1354
-14.5    1354
-13.5    1269
-12.5    1349
-11.5    1254
-10.5    1238
-9.5    1167
-8.5    1073
-7.5    1054
-6.5    935
-5.5    865
-4.5    797
-3.5    793
-2.5    692
-1.5    724
-0.5    628
0.5    585
1.5    596
2.5    527
3.5    542
4.5    537
5.5    495
6.5    430
7.5    414
8.5    363
9.5    346
10.5    329
11.5    218
12.5    216
13.5    167
14.5    130
15.5    114
16.5    86
17.5    57
18.5    39
19.5    44
20.5    22
21.5    16
22.5    12
23.5    8
24.5    8
25.5    2
26.5    7
27.5    0
28.5    1
29.5    0
30.5    2
