-38.5    1
-37.5    0
-36.5    1
-35.5    0
-34.5    1
-33.5    0
-32.5    1
-31.5    6
-30.5    8
-29.5    17
-28.5    25
-27.5    39
-26.5    79
-25.5    153
-24.5    239
-23.5    280
-22.5    439
-21.5    572
-20.5    733
-19.5    922
-18.5    1137
-17.5    1293
-16.5    1386
-15.5    1601
-14.5    1478
-13.5    1525
-12.5    1408
-11.5    1157
-10.5    1148
-9.5    891
-8.5    787
-7.5    610
-6.5    548
-5.5    441
-4.5    430
-3.5    501
-2.5    560
-1.5    644
-0.5    743
0.5    856
1.5    979
2.5    1014
3.5    1082
4.5    1011
5.5    979
6.5    895
7.5    785
8.5    700
9.5    516
10.5    394
11.5    307
12.5    188
13.5    158
14.5    104
15.5    50
16.5    37
17.5    24
18.5    11
19.5    5
20.5    3
21.5    1
22.5    1
23.5    0
24.5    1
25.5    2
26.5    1
27.5    1
28.5    1
29.5    0
30.5    1
