-38.5    5
-37.5    4
-36.5    10
-35.5    19
-34.5    20
-33.5    41
-32.5    51
-31.5    75
-30.5    101
-29.5    153
-28.5    199
-27.5    271
-26.5    344
-25.5    447
-24.5    576
-23.5    722
-22.5    754
-21.5    935
-20.5    1113
-19.5    1292
-18.5    1394
-17.5    1499
-16.5    1624
-15.5    1717
-14.5    1798
-13.5    1834
-12.5    1717
-11.5    1699
-10.5    1590
-9.5    1509
-8.5    1371
-7.5    1225
-6.5    1198
-5.5    950
-4.5    848
-3.5    642
-2.5    528
-1.5    422
-0.5    337
0.5    237
1.5    217
2.5    129
3.5    104
4.5    67
5.5    60
6.5    48
7.5    39
8.5    18
9.5    18
10.5    14
11.5    8
12.5    11
13.5    8
14.5    7
15.5    5
16.5    5
17.5    3
18.5    1
19.5    2
20.5    4
21.5    1
22.5    2
23.5    0
24.5    2
25.5    0
26.5    0
27.5    0
28.5    3
29.5    1
30.5    1
