-38.5    1
-37.5    2
-36.5    1
-35.5    0
-34.5    2
-33.5    0
-32.5    3
-31.5    6
-30.5    6
-29.5    18
-28.5    32
-27.5    52
-26.5    89
-25.5    169
-24.5    232
-23.5    307
-22.5    467
-21.5    583
-20.5    787
-19.5    931
-18.5    1094
-17.5    1286
-16.5    1351
-15.5    1547
-14.5    1484
-13.5    1456
-12.5    1322
-11.5    1117
-10.5    1121
-9.5    870
-8.5    700
-7.5    611
-6.5    504
-5.5    424
-4.5    465
-3.5    543
-2.5    599
-1.5    692
-0.5    786
0.5    948
1.5    1017
2.5    1032
3.5    1144
4.5    1043
5.5    981
6.5    922
7.5    788
8.5    676
9.5    490
10.5    374
11.5    299
12.5    178
13.5    157
14.5    85
15.5    59
16.5    42
17.5    30
18.5    10
19.5    6
20.5    3
21.5    0
22.5    1
23.5    0
24.5    1
25.5    2
26.5    1
27.5    0
28.5    1
29.5    1
30.5    1
