-38.5    3
-37.5    1
-36.5    4
-35.5    1
-34.5    3
-33.5    5
-32.5    10
-31.5    20
-30.5    25
-29.5    47
-28.5    83
-27.5    132
-26.5    206
-25.5    293
-24.5    428
-23.5    563
-22.5    753
-21.5    887
-20.5    1150
-19.5    1304
-18.5    1455
-17.5    1620
-16.5    1617
-15.5    1538
-14.5    1482
-13.5    1347
-12.5    1212
-11.5    1043
-10.5    960
-9.5    872
-8.5    794
-7.5    784
-6.5    841
-5.5    1064
-4.5    1194
-3.5    1399
-2.5    1700
-1.5    1848
-0.5    2063
0.5    2166
1.5    2372
2.5    2246
3.5    2022
4.5    1922
5.5    1641
6.5    1348
7.5    1028
8.5    835
9.5    595
10.5    443
11.5    297
12.5    175
13.5    129
14.5    83
15.5    31
16.5    25
17.5    7
18.5    6
19.5    1
20.5    2
21.5    0
22.5    2
23.5    2
24.5    0
25.5    1
26.5    1
27.5    1
28.5    0
29.5    2
30.5    0
