-38.5    1
-37.5    1
-36.5    3
-35.5    0
-34.5    0
-33.5    1
-32.5    8
-31.5    10
-30.5    18
-29.5    27
-28.5    41
-27.5    66
-26.5    83
-25.5    132
-24.5    176
-23.5    234
-22.5    302
-21.5    372
-20.5    411
-19.5    490
-18.5    496
-17.5    504
-16.5    511
-15.5    519
-14.5    448
-13.5    411
-12.5    412
-11.5    409
-10.5    427
-9.5    454
-8.5    576
-7.5    722
-6.5    891
-5.5    1109
-4.5    1361
-3.5    1526
-2.5    1823
-1.5    1955
-0.5    2059
0.5    2063
1.5    2000
2.5    1885
3.5    1663
4.5    1422
5.5    1129
6.5    909
7.5    709
8.5    470
9.5    323
10.5    228
11.5    150
12.5    80
13.5    43
14.5    29
15.5    12
16.5    6
17.5    4
18.5    3
19.5    1
20.5    1
21.5    0
22.5    0
23.5    0
24.5    0
25.5    0
26.5    2
27.5    0
28.5    0
29.5    0
30.5    2
