-38.5    1
-37.5    1
-36.5    0
-35.5    0
-34.5    1
-33.5    2
-32.5    3
-31.5    1
-30.5    12
-29.5    12
-28.5    34
-27.5    61
-26.5    96
-25.5    136
-24.5    240
-23.5    319
-22.5    510
-21.5    706
-20.5    916
-19.5    1220
-18.5    1487
-17.5    1672
-16.5    1849
-15.5    2132
-14.5    2285
-13.5    2338
-12.5    2252
-11.5    2084
-10.5    1955
-9.5    1700
-8.5    1399
-7.5    1129
-6.5    868
-5.5    665
-4.5    517
-3.5    397
-2.5    314
-1.5    253
-0.5    222
0.5    221
1.5    227
2.5    197
3.5    222
4.5    223
5.5    259
6.5    223
7.5    204
8.5    176
9.5    128
10.5    110
11.5    103
12.5    82
13.5    41
14.5    33
15.5    27
16.5    11
17.5    11
18.5    1
19.5    5
20.5    3
21.5    2
22.5    0
23.5    0
24.5    0
25.5    1
26.5    0
27.5    0
28.5    2
29.5    0
30.5    1
