-38.5    1
-37.5    2
-36.5    0
-35.5    0
-34.5    1
-33.5    2
-32.5    5
-31.5    5
-30.5    9
-29.5    23
-28.5    47
-27.5    66
-26.5    104
-25.5    157
-24.5    240
-23.5    326
-22.5    483
-21.5    601
-20.5    804
-19.5    927
-18.5    1085
-17.5    1222
-16.5    1342
-15.5    1464
-14.5    1466
-13.5    1365
-12.5    1274
-11.5    1114
-10.5    994
-9.5    822
-8.5    627
-7.5    633
-6.5    494
-5.5    447
-4.5    545
-3.5    553
-2.5    666
-1.5    747
-0.5    853
0.5    995
1.5    1069
2.5    1123
3.5    1116
4.5    1088
5.5    1024
6.5    936
7.5    822
8.5    615
9.5    505
10.5    404
11.5    275
12.5    199
13.5    140
14.5    84
15.5    48
16.5    37
17.5    16
18.5    10
19.5    4
20.5    2
21.5    0
22.5    0
23.5    0
24.5    0
25.5    0
26.5    0
27.5    0
28.5    0
29.5    1
30.5    0
