-38.5    4
-37.5    5
-36.5    11
-35.5    18
-34.5    18
-33.5    29
-32.5    40
-31.5    87
-30.5    103
-29.5    161
-28.5    183
-27.5    246
-26.5    339
-25.5    425
-24.5    611
-23.5    687
-22.5    813
-21.5    953
-20.5    1058
-19.5    1249
-18.5    1417
-17.5    1546
-16.5    1606
-15.5    1702
-14.5    1796
-13.5    1748
-12.5    1735
-11.5    1717
-10.5    1564
-9.5    1533
-8.5    1364
-7.5    1242
-6.5    1085
-5.5    978
-4.5    839
-3.5    645
-2.5    571
-1.5    428
-0.5    313
0.5    286
1.5    206
2.5    146
3.5    116
4.5    85
5.5    64
6.5    43
7.5    31
8.5    20
9.5    15
10.5    13
11.5    9
12.5    9
13.5    8
14.5    5
15.5    7
16.5    3
17.5    1
18.5    7
19.5    2
20.5    3
21.5    1
22.5    1
23.5    2
24.5    1
25.5    0
26.5    0
27.5    1
28.5    0
29.5    1
30.5    0
