-38.5    2
-37.5    7
-36.5    11
-35.5    10
-34.5    26
-33.5    43
-32.5    58
-31.5    80
-30.5    94
-29.5    116
-28.5    150
-27.5    217
-26.5    237
-25.5    324
-24.5    398
-23.5    463
-22.5    547
-21.5    596
-20.5    627
-19.5    732
-18.5    819
-17.5    850
-16.5    924
-15.5    890
-14.5    941
-13.5    856
-12.5    905
-11.5    871
-10.5    847
-9.5    860
-8.5    815
-7.5    782
-6.5    811
-5.5    861
-4.5    831
-3.5    851
-2.5    906
-1.5    907
-0.5    991
0.5    1033
1.5    1009
2.5    947
3.5    918
4.5    931
5.5    863
6.5    776
7.5    743
8.5    622
9.5    552
10.5    489
11.5    415
12.5    351
13.5    225
14.5    219
15.5    168
16.5    122
17.5    106
18.5    69
19.5    45
20.5    43
21.5    20
22.5    12
23.5    15
24.5    7
25.5    10
26.5    2
27.5    2
28.5    1
29.5    1
30.5    0
