-38.5    0
-37.5    1
-36.5    0
-35.5    0
-34.5    0
-33.5    1
-32.5    0
-31.5    0
-30.5    0
-29.5    0
-28.5    0
-27.5    0
-26.5    0
-25.5    0
-24.5    1
-23.5    0
-22.5    2
-21.5    1
-20.5    1
-19.5    2
-18.5    1
-17.5    3
-16.5    16
-15.5    24
-14.5    38
-13.5    62
-12.5    104
-11.5    191
-10.5    285
-9.5    408
-8.5    589
-7.5    749
-6.5    1081
-5.5    1348
-4.5    1731
-3.5    1954
-2.5    2243
-1.5    2420
-0.5    2594
0.5    2594
1.5    2492
2.5    2307
3.5    1907
4.5    1752
5.5    1394
6.5    1143
7.5    845
8.5    609
9.5    414
10.5    265
11.5    164
12.5    122
13.5    61
14.5    38
15.5    22
16.5    14
17.5    1
18.5    3
19.5    0
20.5    0
21.5    1
22.5    0
23.5    1
24.5    0
25.5    0
26.5    1
27.5    1
28.5    0
29.5    0
30.5    1
