-38.5    1
-37.5    0
-36.5    0
-35.5    0
-34.5    0
-33.5    0
-32.5    2
-31.5    5
-30.5    12
-29.5    18
-28.5    39
-27.5    70
-26.5    109
-25.5    155
-24.5    255
-23.5    393
-22.5    572
-21.5    760
-20.5    966
-19.5    1329
-18.5    1517
-17.5    1879
-16.5    2027
-15.5    2369
-14.5    2418
-13.5    2441
-12.5    2458
-11.5    2319
-10.5    2163
-9.5    1860
-8.5    1490
-7.5    1291
-6.5    1007
-5.5    710
-4.5    518
-3.5    315
-2.5    235
-1.5    166
-0.5    107
0.5    78
1.5    43
2.5    29
3.5    12
4.5    6
5.5    16
6.5    13
7.5    9
8.5    6
9.5    6
10.5    5
11.5    6
12.5    4
13.5    2
14.5    3
15.5    5
16.5    0
17.5    0
18.5    0
19.5    0
20.5    0
21.5    0
22.5    0
23.5    0
24.5    2
25.5    0
26.5    0
27.5    0
28.5    0
29.5    2
30.5    0
