-38.5    0
-37.5    1
-36.5    0
-35.5    1
-34.5    0
-33.5    1
-32.5    1
-31.5    0
-30.5    1
-29.5    0
-28.5    0
-27.5    0
-26.5    0
-25.5    0
-24.5    0
-23.5    0
-22.5    1
-21.5    0
-20.5    2
-19.5    0
-18.5    3
-17.5    5
-16.5    10
-15.5    25
-14.5    37
-13.5    72
-12.5    106
-11.5    175
-10.5    267
-9.5    430
-8.5    613
-7.5    804
-6.5    1084
-5.5    1421
-4.5    1679
-3.5    1990
-2.5    2312
-1.5    2411
-0.5    2532
0.5    2477
1.5    2400
2.5    2305
3.5    1898
4.5    1763
5.5    1411
6.5    1071
7.5    815
8.5    576
9.5    426
10.5    256
11.5    168
12.5    117
13.5    64
14.5    31
15.5    16
16.5    12
17.5    7
18.5    1
19.5    1
20.5    0
21.5    0
22.5    0
23.5    0
24.5    1
25.5    1
26.5    0
27.5    0
28.5    1
29.5    0
30.5    0
