-38.5    1
-37.5    0
-36.5    1
-35.5    0
-34.5    1
-33.5    3
-32.5    4
-31.5    16
-30.5    14
-29.5    21
-28.5    53
-27.5    85
-26.5    146
-25.5    210
-24.5    283
-23.5    420
-22.5    478
-21.5    613
-20.5    696
-19.5    780
-18.5    901
-17.5    900
-16.5    871
-15.5    880
-14.5    870
-13.5    762
-12.5    671
-11.5    615
-10.5    523
-9.5    506
-8.5    533
-7.5    574
-6.5    689
-5.5    839
-4.5    925
-3.5    1234
-2.5    1335
-1.5    1470
-0.5    1493
0.5    1569
1.5    1635
2.5    1525
3.5    1366
4.5    1265
5.5    1027
6.5    824
7.5    651
8.5    478
9.5    366
10.5    256
11.5    168
12.5    88
13.5    61
14.5    37
15.5    19
16.5    9
17.5    2
18.5    4
19.5    0
20.5    1
21.5    0
22.5    1
23.5    1
24.5    0
25.5    0
26.5    0
27.5    0
28.5    1
29.5    1
30.5    1
