-38.5    5
-37.5    8
-36.5    12
-35.5    15
-34.5    22
-33.5    39
-32.5    53
-31.5    80
-30.5    91
-29.5    129
-28.5    155
-27.5    205
-26.5    233
-25.5    314
-24.5    400
-23.5    462
-22.5    543
-21.5    612
-20.5    626
-19.5    738
-18.5    824
-17.5    895
-16.5    939
-15.5    914
-14.5    973
-13.5    962
-12.5    925
-11.5    888
-10.5    903
-9.5    867
-8.5    785
-7.5    831
-6.5    794
-5.5    831
-4.5    828
-3.5    874
-2.5    837
-1.5    876
-0.5    979
0.5    1007
1.5    963
2.5    948
3.5    954
4.5    865
5.5    877
6.5    760
7.5    736
8.5    608
9.5    546
10.5    479
11.5    411
12.5    351
13.5    226
14.5    196
15.5    157
16.5    127
17.5    96
18.5    66
19.5    48
20.5    50
21.5    21
22.5    18
23.5    8
24.5    9
25.5    8
26.5    2
27.5    4
28.5    1
29.5    1
30.5    1
