-38.5    1
-37.5    1
-36.5    1
-35.5    1
-34.5    1
-33.5    0
-32.5    0
-31.5    1
-30.5    17
-29.5    15
-28.5    29
-27.5    49
-26.5    98
-25.5    171
-24.5    294
-23.5    438
-22.5    564
-21.5    835
-20.5    1021
-19.5    1370
-18.5    1740
-17.5    2005
-16.5    2194
-15.5    2355
-14.5    2477
-13.5    2372
-12.5    2297
-11.5    2119
-10.5    1898
-9.5    1616
-8.5    1383
-7.5    1150
-6.5    887
-5.5    747
-4.5    640
-3.5    654
-2.5    755
-1.5    837
-0.5    929
0.5    1062
1.5    1226
2.5    1272
3.5    1428
4.5    1330
5.5    1350
6.5    1252
7.5    1082
8.5    988
9.5    782
10.5    611
11.5    465
12.5    357
13.5    236
14.5    155
15.5    90
16.5    67
17.5    37
18.5    29
19.5    10
20.5    8
21.5    3
22.5    1
23.5    0
24.5    2
25.5    0
26.5    1
27.5    0
28.5    3
29.5    2
30.5    0
