-38.5    6
-37.5    7
-36.5    10
-35.5    15
-34.5    26
-33.5    33
-32.5    42
-31.5    78
-30.5    90
-29.5    131
-28.5    161
-27.5    194
-26.5    250
-25.5    307
-24.5    420
-23.5    506
-22.5    581
-21.5    634
-20.5    673
-19.5    792
-18.5    872
-17.5    909
-16.5    906
-15.5    960
-14.5    983
-13.5    1032
-12.5    967
-11.5    913
-10.5    909
-9.5    827
-8.5    828
-7.5    839
-6.5    813
-5.5    805
-4.5    823
-3.5    878
-2.5    785
-1.5    852
-0.5    909
0.5    924
1.5    882
2.5    931
3.5    933
4.5    798
5.5    818
6.5    756
7.5    714
8.5    580
9.5    543
10.5    496
11.5    380
12.5    354
13.5    232
14.5    209
15.5    166
16.5    127
17.5    89
18.5    66
19.5    46
20.5    43
21.5    19
22.5    18
23.5    8
24.5    9
25.5    2
26.5    3
27.5    4
28.5    2
29.5    0
30.5    1
