-38.5    1
-37.5    0
-36.5    0
-35.5    0
-34.5    2
-33.5    0
-32.5    0
-31.5    0
-30.5    1
-29.5    2
-28.5    1
-27.5    4
-26.5    4
-25.5    4
-24.5    4
-23.5    8
-22.5    11
-21.5    18
-20.5    26
-19.5    31
-18.5    58
-17.5    80
-16.5    118
-15.5    164
-14.5    221
-13.5    281
-12.5    352
-11.5    459
-10.5    519
-9.5    683
-8.5    867
-7.5    962
-6.5    1173
-5.5    1333
-4.5    1425
-3.5    1506
-2.5    1714
-1.5    1759
-0.5    1785
0.5    1768
1.5    1796
2.5    1736
3.5    1589
4.5    1512
5.5    1363
6.5    1170
7.5    1017
8.5    882
9.5    733
10.5    610
11.5    480
12.5    398
13.5    290
14.5    230
15.5    157
16.5    126
17.5    101
18.5    55
19.5    38
20.5    18
21.5    15
22.5    13
23.5    10
24.5    4
25.5    0
26.5    2
27.5    1
28.5    3
29.5    0
30.5    0
