-38.5    0
-37.5    1
-36.5    0
-35.5    1
-34.5    0
-33.5    1
-32.5    0
-31.5    2
-30.5    1
-29.5    0
-28.5    0
-27.5    0
-26.5    2
-25.5    0
-24.5    0
-23.5    0
-22.5    1
-21.5    1
-20.5    3
-19.5    2
-18.5    2
-17.5    3
-16.5    11
-15.5    23
-14.5    42
-13.5    71
-12.5    99
-11.5    168
-10.5    294
-9.5    423
-8.5    583
-7.5    819
-6.5    1107
-5.5    1410
-4.5    1657
-3.5    2063
-2.5    2311
-1.5    2447
-0.5    2548
0.5    2485
1.5    2464
2.5    2327
3.5    1956
4.5    1775
5.5    1415
6.5    1049
7.5    805
8.5    579
9.5    404
10.5    239
11.5    169
12.5    94
13.5    67
14.5    34
15.5    20
16.5    7
17.5    5
18.5    2
19.5    2
20.5    0
21.5    0
22.5    0
23.5    0
24.5    1
25.5    0
26.5    0
27.5    0
28.5    0
29.5    0
30.5    0
