-38.5    1
-37.5    6
-36.5    9
-35.5    15
-34.5    26
-33.5    36
-32.5    36
-31.5    68
-30.5    95
-29.5    144
-28.5    178
-27.5    266
-26.5    325
-25.5    419
-24.5    519
-23.5    649
-22.5    796
-21.5    916
-20.5    1055
-19.5    1185
-18.5    1352
-17.5    1377
-16.5    1535
-15.5    1681
-14.5    1722
-13.5    1787
-12.5    1730
-11.5    1657
-10.5    1588
-9.5    1471
-8.5    1377
-7.5    1245
-6.5    1081
-5.5    984
-4.5    764
-3.5    648
-2.5    546
-1.5    481
-0.5    355
0.5    313
1.5    258
2.5    228
3.5    181
4.5    169
5.5    134
6.5    117
7.5    95
8.5    95
9.5    80
10.5    75
11.5    63
12.5    59
13.5    40
14.5    33
15.5    31
16.5    20
17.5    23
18.5    20
19.5    13
20.5    9
21.5    3
22.5    4
23.5    3
24.5    1
25.5    2
26.5    3
27.5    0
28.5    0
29.5    1
30.5    0
