-38.5    2
-37.5    0
-36.5    0
-35.5    0
-34.5    0
-33.5    0
-32.5    0
-31.5    2
-30.5    0
-29.5    0
-28.5    0
-27.5    0
-26.5    0
-25.5    0
-24.5    0
-23.5    0
-22.5    0
-21.5    1
-20.5    3
-19.5    3
-18.5    1
-17.5    2
-16.5    16
-15.5    8
-14.5    42
-13.5    59
-12.5    101
-11.5    169
-10.5    282
-9.5    406
-8.5    593
-7.5    832
-6.5    1078
-5.5    1397
-4.5    1749
-3.5    1964
-2.5    2292
-1.5    2404
-0.5    2511
0.5    2498
1.5    2527
2.5    2181
3.5    2054
4.5    1684
5.5    1378
6.5    1129
7.5    859
8.5    626
9.5    414
10.5    272
11.5    157
12.5    103
13.5    70
14.5    37
15.5    26
16.5    10
17.5    6
18.5    5
19.5    3
20.5    0
21.5    0
22.5    0
23.5    0
24.5    2
25.5    2
26.5    0
27.5    0
28.5    0
29.5    0
30.5    0
