-38.5    1
-37.5    0
-36.5    2
-35.5    1
-34.5    0
-33.5    1
-32.5    1
-31.5    1
-30.5    6
-29.5    6
-28.5    7
-27.5    6
-26.5    10
-25.5    21
-24.5    18
-23.5    25
-22.5    19
-21.5    35
-20.5    37
-19.5    51
-18.5    79
-17.5    100
-16.5    110
-15.5    164
-14.5    219
-13.5    273
-12.5    362
-11.5    497
-10.5    540
-9.5    733
-8.5    846
-7.5    1012
-6.5    1216
-5.5    1322
-4.5    1435
-3.5    1529
-2.5    1613
-1.5    1769
-0.5    1745
0.5    1839
1.5    1749
2.5    1665
3.5    1678
4.5    1444
5.5    1346
6.5    1227
7.5    1010
8.5    886
9.5    747
10.5    590
11.5    482
12.5    395
13.5    287
14.5    235
15.5    153
16.5    111
17.5    86
18.5    41
19.5    42
20.5    18
21.5    22
22.5    15
23.5    8
24.5    12
25.5    4
26.5    3
27.5    2
28.5    2
29.5    0
30.5    0
