-38.5    0
-37.5    1
-36.5    0
-35.5    0
-34.5    0
-33.5    1
-32.5    7
-31.5    6
-30.5    12
-29.5    22
-28.5    35
-27.5    65
-26.5    122
-25.5    176
-24.5    247
-23.5    372
-22.5    571
-21.5    753
-20.5    1049
-19.5    1357
-18.5    1552
-17.5    1809
-16.5    2073
-15.5    2324
-14.5    2443
-13.5    2392
-12.5    2459
-11.5    2286
-10.5    2123
-9.5    1877
-8.5    1446
-7.5    1236
-6.5    959
-5.5    733
-4.5    546
-3.5    342
-2.5    244
-1.5    139
-0.5    88
0.5    58
1.5    37
2.5    18
3.5    8
4.5    9
5.5    2
6.5    5
7.5    2
8.5    2
9.5    4
10.5    6
11.5    8
12.5    9
13.5    5
14.5    2
15.5    6
16.5    4
17.5    3
18.5    3
19.5    0
20.5    0
21.5    3
22.5    1
23.5    2
24.5    1
25.5    0
26.5    1
27.5    0
28.5    0
29.5    2
30.5    0
