-38.5    0
-37.5    0
-36.5    0
-35.5    1
-34.5    2
-33.5    5
-32.5    10
-31.5    6
-30.5    16
-29.5    30
-28.5    55
-27.5    72
-26.5    131
-25.5    176
-24.5    269
-23.5    383
-22.5    492
-21.5    667
-20.5    803
-19.5    865
-18.5    1004
-17.5    1076
-16.5    1217
-15.5    1206
-14.5    1122
-13.5    1078
-12.5    926
-11.5    825
-10.5    762
-9.5    597
-8.5    518
-7.5    453
-6.5    504
-5.5    548
-4.5    682
-3.5    837
-2.5    921
-1.5    1093
-0.5    1248
0.5    1379
1.5    1398
2.5    1480
3.5    1328
4.5    1221
5.5    1059
6.5    983
7.5    766
8.5    594
9.5    436
10.5    315
11.5    214
12.5    155
13.5    89
14.5    63
15.5    41
16.5    25
17.5    16
18.5    7
19.5    2
20.5    2
21.5    2
22.5    0
23.5    1
24.5    0
25.5    0
26.5    1
27.5    0
28.5    0
29.5    0
30.5    0
