-38.5    1
-37.5    0
-36.5    0
-35.5    0
-34.5    0
-33.5    0
-32.5    1
-31.5    0
-30.5    0
-29.5    0
-28.5    0
-27.5    0
-26.5    0
-25.5    0
-24.5    0
-23.5    0
-22.5    0
-21.5    1
-20.5    2
-19.5    1
-18.5    2
-17.5    3
-16.5    12
-15.5    13
-14.5    43
-13.5    68
-12.5    110
-11.5    161
-10.5    251
-9.5    418
-8.5    630
-7.5    807
-6.5    1103
-5.5    1390
-4.5    1703
-3.5    1935
-2.5    2291
-1.5    2396
-0.5    2542
0.5    2461
1.5    2456
2.5    2251
3.5    1948
4.5    1719
5.5    1394
6.5    1084
7.5    835
8.5    596
9.5    438
10.5    268
11.5    156
12.5    111
13.5    61
14.5    30
15.5    19
16.5    9
17.5    4
18.5    3
19.5    2
20.5    0
21.5    0
22.5    0
23.5    0
24.5    2
25.5    3
26.5    0
27.5    0
28.5    1
29.5    0
30.5    0
