-38.5    0
-37.5    0
-36.5    1
-35.5    0
-34.5    1
-33.5    0
-32.5    0
-31.5    5
-30.5    8
-29.5    12
-28.5    23
-27.5    35
-26.5    71
-25.5    131
-24.5    220
-23.5    298
-22.5    407
-21.5    578
-20.5    706
-19.5    927
-18.5    1157
-17.5    1332
-16.5    1494
-15.5    1507
-14.5    1572
-13.5    1571
-12.5    1511
-11.5    1324
-10.5    1155
-9.5    963
-8.5    836
-7.5    697
-6.5    589
-5.5    480
-4.5    435
-3.5    445
-2.5    510
-1.5    632
-0.5    714
0.5    783
1.5    900
2.5    952
3.5    993
4.5    929
5.5    977
6.5    877
7.5    749
8.5    683
9.5    556
10.5    435
11.5    302
12.5    247
13.5    150
14.5    106
15.5    58
16.5    41
17.5    20
18.5    15
19.5    5
20.5    3
21.5    2
22.5    1
23.5    0
24.5    1
25.5    0
26.5    1
27.5    1
28.5    0
29.5    0
30.5    0
