-38.5    2
-37.5    6
-36.5    9
-35.5    12
-34.5    23
-33.5    27
-32.5    45
-31.5    51
-30.5    67
-29.5    70
-28.5    95
-27.5    141
-26.5    184
-25.5    230
-24.5    196
-23.5    245
-22.5    287
-21.5    381
-20.5    398
-19.5    438
-18.5    450
-17.5    455
-16.5    507
-15.5    509
-14.5    572
-13.5    525
-12.5    633
-11.5    634
-10.5    724
-9.5    800
-8.5    859
-7.5    901
-6.5    971
-5.5    1063
-4.5    1192
-3.5    1266
-2.5    1280
-1.5    1422
-0.5    1333
0.5    1393
1.5    1428
2.5    1357
3.5    1255
4.5    1169
5.5    1156
6.5    955
7.5    866
8.5    731
9.5    599
10.5    521
11.5    437
12.5    309
13.5    241
14.5    186
15.5    124
16.5    108
17.5    80
18.5    57
19.5    35
20.5    21
21.5    10
22.5    8
23.5    6
24.5    4
25.5    3
26.5    3
27.5    3
28.5    2
29.5    0
30.5    0
