-38.5    0
-37.5    1
-36.5    2
-35.5    1
-34.5    0
-33.5    4
-32.5    1
-31.5    12
-30.5    14
-29.5    29
-28.5    52
-27.5    70
-26.5    152
-25.5    240
-24.5    371
-23.5    573
-22.5    859
-21.5    1114
-20.5    1530
-19.5    1968
-18.5    2339
-17.5    2774
-16.5    3198
-15.5    3467
-14.5    3693
-13.5    3591
-12.5    3705
-11.5    3464
-10.5    3141
-9.5    2706
-8.5    2246
-7.5    1864
-6.5    1400
-5.5    995
-4.5    777
-3.5    495
-2.5    387
-1.5    227
-0.5    151
0.5    90
1.5    49
2.5    29
3.5    19
4.5    22
5.5    17
6.5    11
7.5    11
8.5    10
9.5    11
10.5    10
11.5    14
12.5    10
13.5    7
14.5    4
15.5    11
16.5    5
17.5    4
18.5    2
19.5    4
20.5    0
21.5    1
22.5    3
23.5    1
24.5    1
25.5    1
26.5    0
27.5    0
28.5    0
29.5    0
30.5    1
