-38.5    6
-37.5    2
-36.5    5
-35.5    8
-34.5    12
-33.5    20
-32.5    28
-31.5    32
-30.5    36
-29.5    63
-28.5    72
-27.5    84
-26.5    116
-25.5    136
-24.5    142
-23.5    146
-22.5    199
-21.5    212
-20.5    203
-19.5    270
-18.5    276
-17.5    351
-16.5    357
-15.5    379
-14.5    388
-13.5    470
-12.5    494
-11.5    549
-10.5    666
-9.5    745
-8.5    801
-7.5    943
-6.5    1048
-5.5    1117
-4.5    1288
-3.5    1427
-2.5    1507
-1.5    1514
-0.5    1535
0.5    1568
1.5    1531
2.5    1502
3.5    1423
4.5    1335
5.5    1205
6.5    1057
7.5    879
8.5    793
9.5    671
10.5    576
11.5    424
12.5    315
13.5    257
14.5    196
15.5    157
16.5    105
17.5    77
18.5    47
19.5    34
20.5    23
21.5    13
22.5    21
23.5    9
24.5    3
25.5    1
26.5    1
27.5    0
28.5    0
29.5    0
30.5    0
