-38.5    4
-37.5    5
-36.5    5
-35.5    10
-34.5    26
-33.5    37
-32.5    42
-31.5    61
-30.5    77
-29.5    85
-28.5    129
-27.5    169
-26.5    203
-25.5    262
-24.5    240
-23.5    290
-22.5    387
-21.5    444
-20.5    456
-19.5    496
-18.5    519
-17.5    550
-16.5    570
-15.5    626
-14.5    617
-13.5    567
-12.5    669
-11.5    674
-10.5    718
-9.5    775
-8.5    782
-7.5    890
-6.5    941
-5.5    1020
-4.5    1172
-3.5    1172
-2.5    1252
-1.5    1276
-0.5    1246
0.5    1380
1.5    1377
2.5    1294
3.5    1168
4.5    1138
5.5    1090
6.5    939
7.5    841
8.5    723
9.5    580
10.5    506
11.5    385
12.5    305
13.5    240
14.5    184
15.5    105
16.5    123
17.5    88
18.5    71
19.5    32
20.5    23
21.5    9
22.5    10
23.5    4
24.5    8
25.5    2
26.5    2
27.5    2
28.5    2
29.5    0
30.5    0
