-38.5    0
-37.5    1
-36.5    0
-35.5    0
-34.5    3
-33.5    2
-32.5    0
-31.5    1
-30.5    0
-29.5    0
-28.5    0
-27.5    0
-26.5    1
-25.5    0
-24.5    1
-23.5    2
-22.5    1
-21.5    2
-20.5    0
-19.5    1
-18.5    3
-17.5    10
-16.5    10
-15.5    35
-14.5    51
-13.5    91
-12.5    147
-11.5    265
-10.5    450
-9.5    629
-8.5    871
-7.5    1140
-6.5    1641
-5.5    2012
-4.5    2454
-3.5    3055
-2.5    3291
-1.5    3745
-0.5    3826
0.5    3859
1.5    3742
2.5    3377
3.5    3066
4.5    2509
5.5    2071
6.5    1620
7.5    1234
8.5    913
9.5    664
10.5    445
11.5    241
12.5    128
13.5    83
14.5    38
15.5    36
16.5    13
17.5    7
18.5    4
19.5    5
20.5    1
21.5    1
22.5    1
23.5    0
24.5    2
25.5    0
26.5    1
27.5    0
28.5    0
29.5    0
30.5    1
