-38.5    1
-37.5    1
-36.5    1
-35.5    1
-34.5    3
-33.5    4
-32.5    8
-31.5    14
-30.5    19
-29.5    23
-28.5    59
-27.5    89
-26.5    138
-25.5    207
-24.5    266
-23.5    356
-22.5    506
-21.5    601
-20.5    734
-19.5    811
-18.5    954
-17.5    1001
-16.5    974
-15.5    963
-14.5    926
-13.5    801
-12.5    702
-11.5    667
-10.5    588
-9.5    518
-8.5    558
-7.5    591
-6.5    649
-5.5    792
-4.5    878
-3.5    1125
-2.5    1258
-1.5    1393
-0.5    1428
0.5    1530
1.5    1598
2.5    1526
3.5    1353
4.5    1281
5.5    1034
6.5    883
7.5    678
8.5    532
9.5    392
10.5    260
11.5    186
12.5    108
13.5    79
14.5    44
15.5    23
16.5    10
17.5    4
18.5    8
19.5    1
20.5    1
21.5    0
22.5    2
23.5    1
24.5    0
25.5    0
26.5    0
27.5    0
28.5    0
29.5    2
30.5    1
