-38.5    1
-37.5    0
-36.5    1
-35.5    1
-34.5    0
-33.5    5
-32.5    8
-31.5    10
-30.5    13
-29.5    32
-28.5    59
-27.5    84
-26.5    125
-25.5    181
-24.5    289
-23.5    398
-22.5    511
-21.5    620
-20.5    761
-19.5    830
-18.5    1000
-17.5    1100
-16.5    1126
-15.5    1168
-14.5    1065
-13.5    1056
-12.5    909
-11.5    728
-10.5    699
-9.5    613
-8.5    537
-7.5    468
-6.5    551
-5.5    575
-4.5    725
-3.5    864
-2.5    955
-1.5    1086
-0.5    1290
0.5    1416
1.5    1471
2.5    1463
3.5    1354
4.5    1249
5.5    1096
6.5    947
7.5    735
8.5    590
9.5    398
10.5    303
11.5    207
12.5    136
13.5    85
14.5    59
15.5    31
16.5    22
17.5    9
18.5    4
19.5    2
20.5    2
21.5    0
22.5    0
23.5    1
24.5    0
25.5    0
26.5    1
27.5    1
28.5    0
29.5    0
30.5    0
