-38.5    4
-37.5    4
-36.5    6
-35.5    9
-34.5    16
-33.5    35
-32.5    39
-31.5    51
-30.5    84
-29.5    121
-28.5    162
-27.5    208
-26.5    256
-25.5    346
-24.5    444
-23.5    503
-22.5    627
-21.5    732
-20.5    885
-19.5    958
-18.5    1130
-17.5    1157
-16.5    1222
-15.5    1390
-14.5    1355
-13.5    1413
-12.5    1358
-11.5    1296
-10.5    1210
-9.5    1222
-8.5    1081
-7.5    974
-6.5    894
-5.5    875
-4.5    745
-3.5    732
-2.5    633
-1.5    641
-0.5    567
0.5    586
1.5    573
2.5    537
3.5    495
4.5    494
5.5    525
6.5    491
7.5    438
8.5    376
9.5    357
10.5    294
11.5    266
12.5    239
13.5    174
14.5    162
15.5    136
16.5    105
17.5    82
18.5    73
19.5    55
20.5    36
21.5    12
22.5    13
23.5    11
24.5    10
25.5    3
26.5    4
27.5    3
28.5    0
29.5    1
30.5    2
