-38.5    0
-37.5    1
-36.5    1
-35.5    0
-34.5    0
-33.5    2
-32.5    2
-31.5    1
-30.5    12
-29.5    17
-28.5    49
-27.5    70
-26.5    106
-25.5    150
-24.5    252
-23.5    358
-22.5    539
-21.5    783
-20.5    1003
-19.5    1277
-18.5    1587
-17.5    1844
-16.5    2051
-15.5    2329
-14.5    2465
-13.5    2504
-12.5    2574
-11.5    2321
-10.5    2140
-9.5    1838
-8.5    1561
-7.5    1185
-6.5    945
-5.5    720
-4.5    549
-3.5    376
-2.5    235
-1.5    150
-0.5    116
0.5    68
1.5    44
2.5    19
3.5    24
4.5    10
5.5    10
6.5    5
7.5    4
8.5    7
9.5    4
10.5    1
11.5    5
12.5    0
13.5    1
14.5    0
15.5    1
16.5    0
17.5    2
18.5    0
19.5    0
20.5    0
21.5    0
22.5    0
23.5    1
24.5    0
25.5    0
26.5    0
27.5    0
28.5    2
29.5    0
30.5    2
