-38.5    6
-37.5    7
-36.5    14
-35.5    16
-34.5    19
-33.5    38
-32.5    52
-31.5    74
-30.5    96
-29.5    146
-28.5    160
-27.5    262
-26.5    322
-25.5    469
-24.5    609
-23.5    723
-22.5    778
-21.5    942
-20.5    1064
-19.5    1277
-18.5    1344
-17.5    1515
-16.5    1612
-15.5    1730
-14.5    1772
-13.5    1782
-12.5    1691
-11.5    1655
-10.5    1648
-9.5    1518
-8.5    1372
-7.5    1185
-6.5    1174
-5.5    923
-4.5    818
-3.5    690
-2.5    515
-1.5    407
-0.5    323
0.5    263
1.5    225
2.5    136
3.5    106
4.5    64
5.5    53
6.5    43
7.5    32
8.5    14
9.5    20
10.5    10
11.5    6
12.5    13
13.5    6
14.5    7
15.5    3
16.5    6
17.5    3
18.5    1
19.5    1
20.5    7
21.5    2
22.5    3
23.5    3
24.5    3
25.5    0
26.5    1
27.5    0
28.5    3
29.5    2
30.5    0
