-38.5    2
-37.5    8
-36.5    8
-35.5    15
-34.5    22
-33.5    28
-32.5    36
-31.5    65
-30.5    92
-29.5    169
-28.5    189
-27.5    267
-26.5    319
-25.5    414
-24.5    518
-23.5    669
-22.5    800
-21.5    927
-20.5    1035
-19.5    1195
-18.5    1328
-17.5    1437
-16.5    1565
-15.5    1703
-14.5    1659
-13.5    1766
-12.5    1758
-11.5    1709
-10.5    1652
-9.5    1556
-8.5    1395
-7.5    1284
-6.5    1101
-5.5    963
-4.5    793
-3.5    660
-2.5    561
-1.5    488
-0.5    336
0.5    302
1.5    232
2.5    201
3.5    164
4.5    141
5.5    81
6.5    74
7.5    74
8.5    50
9.5    52
10.5    51
11.5    46
12.5    31
13.5    23
14.5    20
15.5    25
16.5    11
17.5    11
18.5    15
19.5    8
20.5    6
21.5    3
22.5    3
23.5    2
24.5    0
25.5    2
26.5    1
27.5    1
28.5    0
29.5    1
30.5    0
