-38.5    6
-37.5    7
-36.5    11
-35.5    22
-34.5    17
-33.5    32
-32.5    53
-31.5    83
-30.5    95
-29.5    156
-28.5    203
-27.5    257
-26.5    334
-25.5    411
-24.5    532
-23.5    684
-22.5    812
-21.5    953
-20.5    1029
-19.5    1185
-18.5    1348
-17.5    1488
-16.5    1662
-15.5    1667
-14.5    1714
-13.5    1756
-12.5    1801
-11.5    1718
-10.5    1727
-9.5    1571
-8.5    1394
-7.5    1276
-6.5    1111
-5.5    925
-4.5    781
-3.5    676
-2.5    545
-1.5    484
-0.5    328
0.5    287
1.5    238
2.5    164
3.5    132
4.5    106
5.5    78
6.5    55
7.5    55
8.5    40
9.5    43
10.5    32
11.5    30
12.5    20
13.5    14
14.5    16
15.5    16
16.5    8
17.5    6
18.5    5
19.5    8
20.5    4
21.5    2
22.5    4
23.5    1
24.5    0
25.5    2
26.5    1
27.5    1
28.5    0
29.5    0
30.5    0
