-38.5    2
-37.5    0
-36.5    0
-35.5    0
-34.5    1
-33.5    1
-32.5    3
-31.5    4
-30.5    5
-29.5    9
-28.5    25
-27.5    43
-26.5    78
-25.5    114
-24.5    208
-23.5    307
-22.5    419
-21.5    585
-20.5    775
-19.5    1081
-18.5    1240
-17.5    1375
-16.5    1600
-15.5    1776
-14.5    1843
-13.5    1902
-12.5    1821
-11.5    1763
-10.5    1583
-9.5    1360
-8.5    1130
-7.5    1012
-6.5    698
-5.5    526
-4.5    457
-3.5    438
-2.5    391
-1.5    385
-0.5    431
0.5    507
1.5    573
2.5    595
3.5    616
4.5    624
5.5    665
6.5    630
7.5    566
8.5    506
9.5    412
10.5    321
11.5    264
12.5    218
13.5    132
14.5    98
15.5    56
16.5    38
17.5    25
18.5    13
19.5    10
20.5    7
21.5    2
22.5    1
23.5    1
24.5    0
25.5    1
26.5    0
27.5    0
28.5    1
29.5    0
30.5    0
