-38.5    0
-37.5    3
-36.5    11
-35.5    18
-34.5    17
-33.5    28
-32.5    49
-31.5    66
-30.5    118
-29.5    162
-28.5    206
-27.5    268
-26.5    370
-25.5    417
-24.5    532
-23.5    702
-22.5    840
-21.5    985
-20.5    1064
-19.5    1247
-18.5    1404
-17.5    1534
-16.5    1664
-15.5    1756
-14.5    1742
-13.5    1801
-12.5    1752
-11.5    1677
-10.5    1637
-9.5    1480
-8.5    1414
-7.5    1276
-6.5    1111
-5.5    1006
-4.5    846
-3.5    672
-2.5    569
-1.5    446
-0.5    319
0.5    272
1.5    208
2.5    140
3.5    91
4.5    77
5.5    66
6.5    42
7.5    28
8.5    20
9.5    14
10.5    15
11.5    14
12.5    10
13.5    8
14.5    7
15.5    6
16.5    5
17.5    3
18.5    5
19.5    2
20.5    4
21.5    0
22.5    0
23.5    1
24.5    1
25.5    0
26.5    1
27.5    2
28.5    0
29.5    0
30.5    0
