-38.5    2
-37.5    3
-36.5    10
-35.5    15
-34.5    26
-33.5    34
-32.5    29
-31.5    73
-30.5    100
-29.5    147
-28.5    163
-27.5    253
-26.5    334
-25.5    398
-24.5    519
-23.5    631
-22.5    793
-21.5    891
-20.5    1049
-19.5    1152
-18.5    1331
-17.5    1418
-16.5    1489
-15.5    1683
-14.5    1677
-13.5    1682
-12.5    1681
-11.5    1610
-10.5    1530
-9.5    1420
-8.5    1346
-7.5    1157
-6.5    1054
-5.5    904
-4.5    776
-3.5    659
-2.5    551
-1.5    468
-0.5    404
0.5    344
1.5    305
2.5    241
3.5    212
4.5    196
5.5    187
6.5    173
7.5    139
8.5    141
9.5    123
10.5    115
11.5    85
12.5    87
13.5    58
14.5    52
15.5    48
16.5    38
17.5    31
18.5    19
19.5    19
20.5    12
21.5    7
22.5    5
23.5    4
24.5    3
25.5    2
26.5    3
27.5    2
28.5    0
29.5    0
30.5    0
