-38.5    1
-37.5    5
-36.5    12
-35.5    15
-34.5    26
-33.5    35
-32.5    52
-31.5    58
-30.5    92
-29.5    111
-28.5    141
-27.5    188
-26.5    255
-25.5    312
-24.5    420
-23.5    487
-22.5    593
-21.5    632
-20.5    720
-19.5    823
-18.5    898
-17.5    904
-16.5    988
-15.5    1014
-14.5    1036
-13.5    1010
-12.5    984
-11.5    929
-10.5    912
-9.5    900
-8.5    871
-7.5    843
-6.5    795
-5.5    763
-4.5    784
-3.5    830
-2.5    800
-1.5    834
-0.5    877
0.5    858
1.5    825
2.5    909
3.5    861
4.5    811
5.5    833
6.5    756
7.5    709
8.5    591
9.5    545
10.5    495
11.5    409
12.5    365
13.5    260
14.5    221
15.5    179
16.5    123
17.5    96
18.5    70
19.5    51
20.5    35
21.5    22
22.5    20
23.5    6
24.5    9
25.5    6
26.5    4
27.5    5
28.5    4
29.5    0
30.5    1
