-38.5    3
-37.5    10
-36.5    9
-35.5    24
-34.5    26
-33.5    35
-32.5    59
-31.5    86
-30.5    102
-29.5    118
-28.5    156
-27.5    212
-26.5    297
-25.5    334
-24.5    417
-23.5    461
-22.5    599
-21.5    705
-20.5    812
-19.5    874
-18.5    948
-17.5    1013
-16.5    1123
-15.5    1173
-14.5    1178
-13.5    1154
-12.5    1157
-11.5    1140
-10.5    1148
-9.5    1097
-8.5    1098
-7.5    1027
-6.5    988
-5.5    984
-4.5    923
-3.5    798
-2.5    812
-1.5    767
-0.5    779
0.5    717
1.5    681
2.5    663
3.5    621
4.5    539
5.5    534
6.5    437
7.5    397
8.5    352
9.5    303
10.5    233
11.5    245
12.5    168
13.5    148
14.5    118
15.5    100
16.5    68
17.5    46
18.5    27
19.5    30
20.5    14
21.5    10
22.5    18
23.5    7
24.5    6
25.5    7
26.5    3
27.5    2
28.5    1
29.5    0
30.5    0
