-38.5    4
-37.5    6
-36.5    9
-35.5    18
-34.5    20
-33.5    34
-32.5    34
-31.5    44
-30.5    70
-29.5    110
-28.5    132
-27.5    196
-26.5    258
-25.5    283
-24.5    341
-23.5    414
-22.5    531
-21.5    566
-20.5    635
-19.5    762
-18.5    759
-17.5    821
-16.5    857
-15.5    956
-14.5    981
-13.5    1033
-12.5    1012
-11.5    1011
-10.5    1030
-9.5    1015
-8.5    1009
-7.5    954
-6.5    933
-5.5    924
-4.5    930
-3.5    922
-2.5    863
-1.5    860
-0.5    784
0.5    846
1.5    790
2.5    738
3.5    720
4.5    646
5.5    557
6.5    548
7.5    463
8.5    379
9.5    398
10.5    317
11.5    267
12.5    224
13.5    172
14.5    125
15.5    82
16.5    71
17.5    67
18.5    45
19.5    36
20.5    18
21.5    18
22.5    12
23.5    10
24.5    6
25.5    3
26.5    3
27.5    3
28.5    3
29.5    3
30.5    1
