-38.5    8
-37.5    9
-36.5    10
-35.5    18
-34.5    21
-33.5    16
-32.5    40
-31.5    47
-30.5    64
-29.5    107
-28.5    128
-27.5    144
-26.5    216
-25.5    259
-24.5    300
-23.5    353
-22.5    422
-21.5    498
-20.5    587
-19.5    646
-18.5    714
-17.5    712
-16.5    806
-15.5    811
-14.5    873
-13.5    878
-12.5    911
-11.5    912
-10.5    1002
-9.5    866
-8.5    870
-7.5    926
-6.5    928
-5.5    979
-4.5    963
-3.5    925
-2.5    964
-1.5    942
-0.5    904
0.5    924
1.5    837
2.5    830
3.5    750
4.5    731
5.5    683
6.5    599
7.5    508
8.5    464
9.5    396
10.5    339
11.5    289
12.5    221
13.5    171
14.5    152
15.5    118
16.5    74
17.5    65
18.5    37
19.5    31
20.5    28
21.5    21
22.5    14
23.5    9
24.5    9
25.5    7
26.5    5
27.5    3
28.5    2
29.5    2
30.5    0
