-38.5    3
-37.5    12
-36.5    15
-35.5    21
-34.5    34
-33.5    55
-32.5    50
-31.5    96
-30.5    121
-29.5    142
-28.5    228
-27.5    278
-26.5    322
-25.5    450
-24.5    517
-23.5    657
-22.5    782
-21.5    839
-20.5    944
-19.5    1104
-18.5    1221
-17.5    1310
-16.5    1438
-15.5    1363
-14.5    1487
-13.5    1509
-12.5    1444
-11.5    1462
-10.5    1363
-9.5    1349
-8.5    1196
-7.5    1113
-6.5    1068
-5.5    934
-4.5    829
-3.5    761
-2.5    611
-1.5    586
-0.5    522
0.5    449
1.5    388
2.5    359
3.5    316
4.5    300
5.5    268
6.5    212
7.5    241
8.5    189
9.5    166
10.5    109
11.5    115
12.5    90
13.5    75
14.5    45
15.5    52
16.5    32
17.5    27
18.5    19
19.5    20
20.5    14
21.5    8
22.5    10
23.5    9
24.5    10
25.5    5
26.5    1
27.5    0
28.5    1
29.5    1
30.5    1
