-38.5    12
-37.5    8
-36.5    12
-35.5    27
-34.5    43
-33.5    43
-32.5    69
-31.5    91
-30.5    125
-29.5    150
-28.5    172
-27.5    274
-26.5    336
-25.5    406
-24.5    506
-23.5    615
-22.5    690
-21.5    802
-20.5    874
-19.5    1020
-18.5    1094
-17.5    1172
-16.5    1257
-15.5    1372
-14.5    1424
-13.5    1355
-12.5    1415
-11.5    1335
-10.5    1359
-9.5    1271
-8.5    1165
-7.5    1118
-6.5    1043
-5.5    957
-4.5    869
-3.5    737
-2.5    729
-1.5    647
-0.5    571
0.5    525
1.5    510
2.5    429
3.5    365
4.5    376
5.5    318
6.5    286
7.5    241
8.5    245
9.5    184
10.5    177
11.5    180
12.5    128
13.5    95
14.5    90
15.5    58
16.5    56
17.5    38
18.5    15
19.5    16
20.5    20
21.5    13
22.5    11
23.5    9
24.5    6
25.5    4
26.5    0
27.5    0
28.5    2
29.5    0
30.5    1
