-38.5    6
-37.5    4
-36.5    10
-35.5    13
-34.5    24
-33.5    28
-32.5    36
-31.5    63
-30.5    74
-29.5    112
-28.5    138
-27.5    204
-26.5    266
-25.5    313
-24.5    349
-23.5    427
-22.5    557
-21.5    537
-20.5    711
-19.5    754
-18.5    816
-17.5    839
-16.5    904
-15.5    1035
-14.5    980
-13.5    1017
-12.5    1015
-11.5    1031
-10.5    1070
-9.5    994
-8.5    1011
-7.5    920
-6.5    938
-5.5    959
-4.5    927
-3.5    895
-2.5    878
-1.5    848
-0.5    802
0.5    831
1.5    755
2.5    792
3.5    719
4.5    634
5.5    581
6.5    530
7.5    468
8.5    407
9.5    394
10.5    336
11.5    254
12.5    222
13.5    154
14.5    125
15.5    113
16.5    76
17.5    65
18.5    45
19.5    33
20.5    21
21.5    22
22.5    14
23.5    11
24.5    6
25.5    4
26.5    3
27.5    2
28.5    4
29.5    2
30.5    1
