-38.5    14
-37.5    15
-36.5    23
-35.5    32
-34.5    54
-33.5    65
-32.5    110
-31.5    146
-30.5    161
-29.5    220
-28.5    297
-27.5    388
-26.5    530
-25.5    660
-24.5    725
-23.5    926
-22.5    1063
-21.5    1241
-20.5    1406
-19.5    1560
-18.5    1686
-17.5    1813
-16.5    2004
-15.5    1968
-14.5    2117
-13.5    2104
-12.5    2132
-11.5    2007
-10.5    1975
-9.5    1932
-8.5    1788
-7.5    1717
-6.5    1564
-5.5    1425
-4.5    1286
-3.5    1180
-2.5    1070
-1.5    939
-0.5    849
0.5    787
1.5    723
2.5    580
3.5    571
4.5    504
5.5    437
6.5    424
7.5    335
8.5    321
9.5    263
10.5    225
11.5    209
12.5    150
13.5    131
14.5    122
15.5    85
16.5    67
17.5    42
18.5    30
19.5    28
20.5    32
21.5    20
22.5    17
23.5    10
24.5    9
25.5    9
26.5    1
27.5    4
28.5    1
29.5    2
30.5    2
