-38.5    7
-37.5    4
-36.5    8
-35.5    15
-34.5    27
-33.5    40
-32.5    39
-31.5    80
-30.5    81
-29.5    128
-28.5    146
-27.5    194
-26.5    248
-25.5    318
-24.5    368
-23.5    435
-22.5    536
-21.5    586
-20.5    703
-19.5    759
-18.5    842
-17.5    887
-16.5    988
-15.5    1040
-14.5    985
-13.5    1011
-12.5    1104
-11.5    1082
-10.5    1108
-9.5    1043
-8.5    993
-7.5    937
-6.5    984
-5.5    963
-4.5    936
-3.5    926
-2.5    880
-1.5    872
-0.5    796
0.5    792
1.5    767
2.5    734
3.5    668
4.5    621
5.5    623
6.5    507
7.5    443
8.5    435
9.5    370
10.5    350
11.5    265
12.5    201
13.5    161
14.5    129
15.5    120
16.5    72
17.5    54
18.5    40
19.5    31
20.5    21
21.5    25
22.5    14
23.5    11
24.5    5
25.5    4
26.5    3
27.5    2
28.5    1
29.5    1
30.5    1
