-38.5    5
-37.5    7
-36.5    5
-35.5    18
-34.5    25
-33.5    25
-32.5    49
-31.5    54
-30.5    74
-29.5    117
-28.5    132
-27.5    149
-26.5    230
-25.5    277
-24.5    298
-23.5    392
-22.5    429
-21.5    527
-20.5    593
-19.5    662
-18.5    710
-17.5    769
-16.5    818
-15.5    896
-14.5    864
-13.5    904
-12.5    973
-11.5    908
-10.5    944
-9.5    901
-8.5    901
-7.5    987
-6.5    951
-5.5    954
-4.5    963
-3.5    927
-2.5    962
-1.5    942
-0.5    909
0.5    896
1.5    826
2.5    839
3.5    767
4.5    762
5.5    671
6.5    559
7.5    514
8.5    480
9.5    408
10.5    344
11.5    272
12.5    226
13.5    181
14.5    167
15.5    119
16.5    73
17.5    62
18.5    38
19.5    37
20.5    35
21.5    17
22.5    11
23.5    7
24.5    10
25.5    6
26.5    4
27.5    4
28.5    1
29.5    0
30.5    1
