-38.5    6
-37.5    7
-36.5    6
-35.5    15
-34.5    9
-33.5    19
-32.5    19
-31.5    28
-30.5    46
-29.5    69
-28.5    70
-27.5    85
-26.5    111
-25.5    138
-24.5    168
-23.5    208
-22.5    230
-21.5    294
-20.5    331
-19.5    354
-18.5    378
-17.5    388
-16.5    442
-15.5    487
-14.5    515
-13.5    595
-12.5    623
-11.5    575
-10.5    615
-9.5    653
-8.5    722
-7.5    765
-6.5    824
-5.5    860
-4.5    878
-3.5    887
-2.5    929
-1.5    1011
-0.5    954
0.5    943
1.5    956
2.5    893
3.5    867
4.5    740
5.5    701
6.5    619
7.5    601
8.5    492
9.5    396
10.5    366
11.5    284
12.5    216
13.5    192
14.5    163
15.5    115
16.5    101
17.5    73
18.5    47
19.5    51
20.5    20
21.5    25
22.5    23
23.5    6
24.5    13
25.5    6
26.5    3
27.5    2
28.5    0
29.5    1
30.5    0
