-38.5    3
-37.5    5
-36.5    10
-35.5    16
-34.5    10
-33.5    22
-32.5    29
-31.5    41
-30.5    65
-29.5    78
-28.5    95
-27.5    139
-26.5    183
-25.5    200
-24.5    253
-23.5    288
-22.5    347
-21.5    398
-20.5    469
-19.5    506
-18.5    563
-17.5    620
-16.5    613
-15.5    647
-14.5    701
-13.5    759
-12.5    784
-11.5    802
-10.5    841
-9.5    843
-8.5    887
-7.5    893
-6.5    831
-5.5    896
-4.5    915
-3.5    950
-2.5    1003
-1.5    893
-0.5    962
0.5    942
1.5    957
2.5    903
3.5    864
4.5    784
5.5    685
6.5    630
7.5    528
8.5    464
9.5    420
10.5    340
11.5    271
12.5    216
13.5    185
14.5    168
15.5    103
16.5    94
17.5    54
18.5    49
19.5    41
20.5    26
21.5    16
22.5    14
23.5    6
24.5    10
25.5    5
26.5    5
27.5    2
28.5    2
29.5    0
30.5    0
