-38.5    1
-37.5    2
-36.5    3
-35.5    13
-34.5    15
-33.5    23
-32.5    31
-31.5    39
-30.5    67
-29.5    65
-28.5    98
-27.5    124
-26.5    145
-25.5    204
-24.5    207
-23.5    277
-22.5    312
-21.5    355
-20.5    440
-19.5    458
-18.5    537
-17.5    529
-16.5    620
-15.5    639
-14.5    642
-13.5    688
-12.5    726
-11.5    738
-10.5    757
-9.5    796
-8.5    848
-7.5    811
-6.5    890
-5.5    960
-4.5    946
-3.5    973
-2.5    949
-1.5    1002
-0.5    963
0.5    947
1.5    904
2.5    816
3.5    846
4.5    754
5.5    726
6.5    673
7.5    610
8.5    520
9.5    422
10.5    351
11.5    300
12.5    231
13.5    196
14.5    144
15.5    116
16.5    99
17.5    64
18.5    57
19.5    35
20.5    23
21.5    19
22.5    8
23.5    12
24.5    7
25.5    9
26.5    3
27.5    2
28.5    1
29.5    1
30.5    0
