-38.5    3
-37.5    8
-36.5    6
-35.5    14
-34.5    26
-33.5    35
-32.5    39
-31.5    69
-30.5    79
-29.5    111
-28.5    147
-27.5    206
-26.5    258
-25.5    306
-24.5    416
-23.5    436
-22.5    552
-21.5    608
-20.5    737
-19.5    805
-18.5    868
-17.5    964
-16.5    1015
-15.5    1028
-14.5    1081
-13.5    1130
-12.5    1106
-11.5    1125
-10.5    1086
-9.5    1056
-8.5    1077
-7.5    1007
-6.5    971
-5.5    976
-4.5    912
-3.5    918
-2.5    876
-1.5    824
-0.5    755
0.5    755
1.5    762
2.5    628
3.5    645
4.5    607
5.5    564
6.5    535
7.5    465
8.5    413
9.5    346
10.5    292
11.5    251
12.5    189
13.5    150
14.5    123
15.5    85
16.5    68
17.5    42
18.5    39
19.5    34
20.5    25
21.5    11
22.5    17
23.5    9
24.5    9
25.5    6
26.5    2
27.5    1
28.5    2
29.5    1
30.5    2
