-38.5    4
-37.5    10
-36.5    12
-35.5    20
-34.5    30
-33.5    33
-32.5    65
-31.5    72
-30.5    108
-29.5    116
-28.5    167
-27.5    220
-26.5    275
-25.5    355
-24.5    426
-23.5    517
-22.5    629
-21.5    706
-20.5    821
-19.5    837
-18.5    1010
-17.5    1061
-16.5    1136
-15.5    1165
-14.5    1220
-13.5    1208
-12.5    1197
-11.5    1239
-10.5    1246
-9.5    1141
-8.5    1070
-7.5    1103
-6.5    980
-5.5    984
-4.5    910
-3.5    831
-2.5    807
-1.5    763
-0.5    725
0.5    689
1.5    653
2.5    624
3.5    594
4.5    506
5.5    512
6.5    400
7.5    360
8.5    364
9.5    331
10.5    234
11.5    225
12.5    161
13.5    153
14.5    124
15.5    82
16.5    63
17.5    56
18.5    29
19.5    27
20.5    11
21.5    9
22.5    13
23.5    11
24.5    4
25.5    4
26.5    3
27.5    0
28.5    2
29.5    0
30.5    2
