-38.5    10
-37.5    3
-36.5    14
-35.5    17
-34.5    37
-33.5    43
-32.5    72
-31.5    79
-30.5    131
-29.5    143
-28.5    192
-27.5    230
-26.5    334
-25.5    399
-24.5    433
-23.5    554
-22.5    640
-21.5    771
-20.5    925
-19.5    938
-18.5    1072
-17.5    1263
-16.5    1207
-15.5    1238
-14.5    1277
-13.5    1304
-12.5    1288
-11.5    1321
-10.5    1273
-9.5    1208
-8.5    1160
-7.5    1088
-6.5    1038
-5.5    947
-4.5    887
-3.5    787
-2.5    734
-1.5    739
-0.5    701
0.5    608
1.5    571
2.5    487
3.5    445
4.5    462
5.5    404
6.5    365
7.5    317
8.5    268
9.5    248
10.5    185
11.5    178
12.5    143
13.5    113
14.5    87
15.5    75
16.5    62
17.5    48
18.5    43
19.5    20
20.5    26
21.5    10
22.5    7
23.5    8
24.5    2
25.5    1
26.5    3
27.5    1
28.5    1
29.5    0
30.5    1
