-38.5    1
-37.5    4
-36.5    7
-35.5    7
-34.5    8
-33.5    17
-32.5    32
-31.5    34
-30.5    44
-29.5    72
-28.5    84
-27.5    102
-26.5    135
-25.5    170
-24.5    202
-23.5    250
-22.5    261
-21.5    346
-20.5    370
-19.5    405
-18.5    427
-17.5    538
-16.5    546
-15.5    578
-14.5    588
-13.5    645
-12.5    659
-11.5    703
-10.5    715
-9.5    723
-8.5    826
-7.5    808
-6.5    838
-5.5    924
-4.5    938
-3.5    968
-2.5    964
-1.5    988
-0.5    955
0.5    984
1.5    978
2.5    987
3.5    882
4.5    796
5.5    733
6.5    703
7.5    570
8.5    562
9.5    452
10.5    343
11.5    309
12.5    259
13.5    175
14.5    160
15.5    130
16.5    96
17.5    84
18.5    58
19.5    31
20.5    25
21.5    21
22.5    18
23.5    7
24.5    7
25.5    4
26.5    0
27.5    0
28.5    2
29.5    0
30.5    0
