-38.5    4
-37.5    8
-36.5    8
-35.5    12
-34.5    20
-33.5    20
-32.5    35
-31.5    48
-30.5    71
-29.5    84
-28.5    112
-27.5    143
-26.5    192
-25.5    224
-24.5    289
-23.5    317
-22.5    427
-21.5    467
-20.5    579
-19.5    617
-18.5    665
-17.5    669
-16.5    764
-15.5    779
-14.5    840
-13.5    833
-12.5    895
-11.5    949
-10.5    950
-9.5    898
-8.5    929
-7.5    906
-6.5    913
-5.5    920
-4.5    1007
-3.5    952
-2.5    978
-1.5    970
-0.5    909
0.5    919
1.5    841
2.5    814
3.5    752
4.5    726
5.5    673
6.5    596
7.5    511
8.5    458
9.5    396
10.5    346
11.5    285
12.5    213
13.5    157
14.5    126
15.5    116
16.5    72
17.5    70
18.5    48
19.5    32
20.5    18
21.5    22
22.5    13
23.5    9
24.5    4
25.5    6
26.5    4
27.5    1
28.5    1
29.5    6
30.5    0
