-38.5    7
-37.5    5
-36.5    14
-35.5    18
-34.5    29
-33.5    40
-32.5    62
-31.5    78
-30.5    119
-29.5    138
-28.5    177
-27.5    252
-26.5    272
-25.5    361
-24.5    418
-23.5    540
-22.5    617
-21.5    748
-20.5    778
-19.5    925
-18.5    987
-17.5    1157
-16.5    1174
-15.5    1279
-14.5    1295
-13.5    1282
-12.5    1259
-11.5    1289
-10.5    1261
-9.5    1203
-8.5    1057
-7.5    1035
-6.5    983
-5.5    982
-4.5    880
-3.5    872
-2.5    815
-1.5    705
-0.5    701
0.5    597
1.5    581
2.5    551
3.5    489
4.5    527
5.5    433
6.5    347
7.5    349
8.5    292
9.5    230
10.5    231
11.5    197
12.5    146
13.5    127
14.5    116
15.5    74
16.5    57
17.5    43
18.5    35
19.5    21
20.5    12
21.5    19
22.5    11
23.5    3
24.5    4
25.5    3
26.5    3
27.5    0
28.5    3
29.5    3
30.5    2
