-38.5    7
-37.5    10
-36.5    10
-35.5    22
-34.5    38
-33.5    42
-32.5    71
-31.5    96
-30.5    131
-29.5    153
-28.5    177
-27.5    299
-26.5    312
-25.5    387
-24.5    482
-23.5    581
-22.5    692
-21.5    795
-20.5    893
-19.5    957
-18.5    1107
-17.5    1203
-16.5    1254
-15.5    1385
-14.5    1372
-13.5    1336
-12.5    1412
-11.5    1357
-10.5    1297
-9.5    1259
-8.5    1126
-7.5    1107
-6.5    1034
-5.5    938
-4.5    855
-3.5    737
-2.5    735
-1.5    660
-0.5    618
0.5    568
1.5    516
2.5    435
3.5    396
4.5    402
5.5    327
6.5    317
7.5    265
8.5    247
9.5    184
10.5    189
11.5    165
12.5    136
13.5    110
14.5    86
15.5    67
16.5    54
17.5    42
18.5    27
19.5    14
20.5    13
21.5    11
22.5    11
23.5    8
24.5    5
25.5    2
26.5    2
27.5    0
28.5    3
29.5    1
30.5    1
