-38.5    4
-37.5    3
-36.5    9
-35.5    12
-34.5    7
-33.5    26
-32.5    24
-31.5    50
-30.5    58
-29.5    79
-28.5    106
-27.5    129
-26.5    177
-25.5    197
-24.5    258
-23.5    323
-22.5    380
-21.5    406
-20.5    510
-19.5    537
-18.5    604
-17.5    640
-16.5    641
-15.5    718
-14.5    710
-13.5    821
-12.5    873
-11.5    845
-10.5    865
-9.5    891
-8.5    908
-7.5    920
-6.5    858
-5.5    867
-4.5    956
-3.5    984
-2.5    1005
-1.5    920
-0.5    976
0.5    901
1.5    941
2.5    879
3.5    832
4.5    782
5.5    670
6.5    630
7.5    493
8.5    513
9.5    442
10.5    338
11.5    271
12.5    209
13.5    191
14.5    157
15.5    123
16.5    101
17.5    60
18.5    43
19.5    31
20.5    32
21.5    16
22.5    20
23.5    8
24.5    7
25.5    5
26.5    3
27.5    1
28.5    1
29.5    0
30.5    1
