-38.5    3
-37.5    8
-36.5    16
-35.5    18
-34.5    38
-33.5    40
-32.5    74
-31.5    78
-30.5    114
-29.5    159
-28.5    217
-27.5    269
-26.5    346
-25.5    468
-24.5    483
-23.5    630
-22.5    728
-21.5    826
-20.5    922
-19.5    1023
-18.5    1161
-17.5    1242
-16.5    1388
-15.5    1353
-14.5    1448
-13.5    1469
-12.5    1524
-11.5    1389
-10.5    1340
-9.5    1282
-8.5    1177
-7.5    1175
-6.5    1017
-5.5    945
-4.5    851
-3.5    768
-2.5    689
-1.5    598
-0.5    594
0.5    480
1.5    446
2.5    388
3.5    380
4.5    313
5.5    257
6.5    282
7.5    216
8.5    211
9.5    170
10.5    145
11.5    121
12.5    83
13.5    82
14.5    69
15.5    61
16.5    38
17.5    33
18.5    15
19.5    18
20.5    16
21.5    10
22.5    7
23.5    6
24.5    6
25.5    5
26.5    0
27.5    4
28.5    2
29.5    1
30.5    4
