-38.5    2
-37.5    4
-36.5    11
-35.5    18
-34.5    20
-33.5    35
-32.5    33
-31.5    44
-30.5    70
-29.5    102
-28.5    158
-27.5    162
-26.5    209
-25.5    274
-24.5    336
-23.5    396
-22.5    471
-21.5    586
-20.5    596
-19.5    687
-18.5    706
-17.5    845
-16.5    862
-15.5    922
-14.5    924
-13.5    1004
-12.5    1024
-11.5    1014
-10.5    1026
-9.5    1003
-8.5    967
-7.5    964
-6.5    977
-5.5    954
-4.5    872
-3.5    966
-2.5    908
-1.5    882
-0.5    858
0.5    869
1.5    833
2.5    764
3.5    718
4.5    656
5.5    625
6.5    531
7.5    458
8.5    423
9.5    370
10.5    334
11.5    266
12.5    227
13.5    175
14.5    131
15.5    81
16.5    64
17.5    65
18.5    38
19.5    53
20.5    13
21.5    14
22.5    12
23.5    11
24.5    6
25.5    5
26.5    5
27.5    2
28.5    1
29.5    1
30.5    2
