-38.5    5
-37.5    12
-36.5    17
-35.5    16
-34.5    37
-33.5    60
-32.5    53
-31.5    86
-30.5    123
-29.5    146
-28.5    228
-27.5    272
-26.5    320
-25.5    476
-24.5    519
-23.5    613
-22.5    748
-21.5    801
-20.5    935
-19.5    1063
-18.5    1194
-17.5    1291
-16.5    1415
-15.5    1335
-14.5    1469
-13.5    1502
-12.5    1501
-11.5    1432
-10.5    1352
-9.5    1305
-8.5    1174
-7.5    1112
-6.5    1028
-5.5    963
-4.5    806
-3.5    777
-2.5    658
-1.5    583
-0.5    567
0.5    461
1.5    393
2.5    372
3.5    337
4.5    302
5.5    271
6.5    242
7.5    249
8.5    207
9.5    157
10.5    126
11.5    117
12.5    100
13.5    82
14.5    68
15.5    58
16.5    33
17.5    34
18.5    15
19.5    19
20.5    13
21.5    10
22.5    7
23.5    8
24.5    10
25.5    3
26.5    1
27.5    2
28.5    2
29.5    1
30.5    4
