-38.5    8
-37.5    5
-36.5    14
-35.5    17
-34.5    46
-33.5    35
-32.5    63
-31.5    66
-30.5    106
-29.5    156
-28.5    188
-27.5    235
-26.5    352
-25.5    397
-24.5    429
-23.5    558
-22.5    707
-21.5    790
-20.5    963
-19.5    988
-18.5    1048
-17.5    1245
-16.5    1256
-15.5    1273
-14.5    1265
-13.5    1296
-12.5    1312
-11.5    1343
-10.5    1290
-9.5    1205
-8.5    1141
-7.5    1084
-6.5    1007
-5.5    958
-4.5    905
-3.5    772
-2.5    696
-1.5    648
-0.5    653
0.5    592
1.5    532
2.5    463
3.5    418
4.5    456
5.5    406
6.5    314
7.5    315
8.5    264
9.5    230
10.5    177
11.5    162
12.5    138
13.5    110
14.5    112
15.5    77
16.5    58
17.5    42
18.5    36
19.5    23
20.5    28
21.5    13
22.5    11
23.5    2
24.5    2
25.5    2
26.5    2
27.5    2
28.5    0
29.5    1
30.5    0
