-38.5    0
-37.5    2
-36.5    6
-35.5    15
-34.5    22
-33.5    32
-32.5    47
-31.5    58
-30.5    76
-29.5    105
-28.5    153
-27.5    150
-26.5    194
-25.5    259
-24.5    299
-23.5    404
-22.5    430
-21.5    544
-20.5    597
-19.5    641
-18.5    684
-17.5    821
-16.5    821
-15.5    937
-14.5    849
-13.5    956
-12.5    981
-11.5    982
-10.5    944
-9.5    953
-8.5    933
-7.5    995
-6.5    962
-5.5    974
-4.5    929
-3.5    956
-2.5    983
-1.5    932
-0.5    921
0.5    877
1.5    833
2.5    813
3.5    754
4.5    718
5.5    641
6.5    538
7.5    495
8.5    474
9.5    372
10.5    351
11.5    253
12.5    225
13.5    168
14.5    153
15.5    104
16.5    71
17.5    66
18.5    36
19.5    52
20.5    22
21.5    14
22.5    11
23.5    10
24.5    7
25.5    7
26.5    5
27.5    2
28.5    1
29.5    0
30.5    2
