-38.5    6
-37.5    5
-36.5    11
-35.5    6
-34.5    10
-33.5    18
-32.5    26
-31.5    36
-30.5    58
-29.5    72
-28.5    107
-27.5    127
-26.5    160
-25.5    202
-24.5    211
-23.5    263
-22.5    330
-21.5    373
-20.5    376
-19.5    416
-18.5    530
-17.5    567
-16.5    580
-15.5    629
-14.5    715
-13.5    744
-12.5    769
-11.5    857
-10.5    888
-9.5    955
-8.5    1058
-7.5    1133
-6.5    1149
-5.5    1243
-4.5    1305
-3.5    1358
-2.5    1359
-1.5    1470
-0.5    1378
0.5    1431
1.5    1353
2.5    1284
3.5    1213
4.5    1188
5.5    1101
6.5    957
7.5    878
8.5    714
9.5    608
10.5    487
11.5    446
12.5    343
13.5    286
14.5    255
15.5    179
16.5    133
17.5    106
18.5    82
19.5    59
20.5    31
21.5    29
22.5    25
23.5    12
24.5    11
25.5    8
26.5    6
27.5    3
28.5    2
29.5    1
30.5    2
