-38.5    4
-37.5    4
-36.5    6
-35.5    7
-34.5    11
-33.5    18
-32.5    20
-31.5    26
-30.5    38
-29.5    44
-28.5    72
-27.5    70
-26.5    88
-25.5    118
-24.5    108
-23.5    151
-22.5    208
-21.5    212
-20.5    240
-19.5    249
-18.5    329
-17.5    325
-16.5    351
-15.5    415
-14.5    423
-13.5    490
-12.5    505
-11.5    527
-10.5    558
-9.5    630
-8.5    689
-7.5    762
-6.5    732
-5.5    805
-4.5    821
-3.5    911
-2.5    904
-1.5    997
-0.5    893
0.5    944
1.5    864
2.5    878
3.5    813
4.5    799
5.5    751
6.5    603
7.5    540
8.5    483
9.5    412
10.5    365
11.5    309
12.5    217
13.5    178
14.5    132
15.5    105
16.5    86
17.5    65
18.5    59
19.5    43
20.5    24
21.5    21
22.5    13
23.5    10
24.5    2
25.5    3
26.5    5
27.5    2
28.5    1
29.5    1
30.5    1
