-38.5    4
-37.5    5
-36.5    6
-35.5    12
-34.5    13
-33.5    15
-32.5    21
-31.5    37
-30.5    50
-29.5    63
-28.5    67
-27.5    91
-26.5    128
-25.5    151
-24.5    183
-23.5    230
-22.5    242
-21.5    291
-20.5    352
-19.5    389
-18.5    422
-17.5    407
-16.5    476
-15.5    495
-14.5    537
-13.5    560
-12.5    642
-11.5    636
-10.5    701
-9.5    727
-8.5    731
-7.5    785
-6.5    827
-5.5    896
-4.5    862
-3.5    865
-2.5    969
-1.5    967
-0.5    934
0.5    953
1.5    932
2.5    872
3.5    842
4.5    758
5.5    704
6.5    602
7.5    579
8.5    505
9.5    447
10.5    349
11.5    275
12.5    226
13.5    191
14.5    145
15.5    124
16.5    100
17.5    62
18.5    52
19.5    48
20.5    23
21.5    29
22.5    21
23.5    6
24.5    7
25.5    5
26.5    2
27.5    5
28.5    0
29.5    1
30.5    0
