-38.5    3
-37.5    6
-36.5    5
-35.5    15
-34.5    26
-33.5    45
-32.5    43
-31.5    74
-30.5    79
-29.5    131
-28.5    145
-27.5    202
-26.5    249
-25.5    292
-24.5    390
-23.5    441
-22.5    531
-21.5    603
-20.5    686
-19.5    760
-18.5    860
-17.5    918
-16.5    1001
-15.5    1034
-14.5    985
-13.5    1092
-12.5    1123
-11.5    1088
-10.5    1087
-9.5    1016
-8.5    1019
-7.5    980
-6.5    978
-5.5    972
-4.5    929
-3.5    926
-2.5    878
-1.5    856
-0.5    804
0.5    766
1.5    782
2.5    617
3.5    610
4.5    618
5.5    572
6.5    545
7.5    463
8.5    405
9.5    365
10.5    319
11.5    270
12.5    186
13.5    151
14.5    130
15.5    93
16.5    62
17.5    45
18.5    37
19.5    29
20.5    22
21.5    17
22.5    12
23.5    10
24.5    6
25.5    5
26.5    2
27.5    2
28.5    1
29.5    2
30.5    0
