-38.5    1
-37.5    5
-36.5    4
-35.5    7
-34.5    7
-33.5    19
-32.5    32
-31.5    34
-30.5    48
-29.5    74
-28.5    94
-27.5    113
-26.5    139
-25.5    164
-24.5    219
-23.5    265
-22.5    287
-21.5    368
-20.5    388
-19.5    400
-18.5    456
-17.5    526
-16.5    586
-15.5    587
-14.5    627
-13.5    651
-12.5    689
-11.5    704
-10.5    727
-9.5    733
-8.5    813
-7.5    844
-6.5    812
-5.5    902
-4.5    957
-3.5    965
-2.5    889
-1.5    1014
-0.5    973
0.5    1030
1.5    964
2.5    951
3.5    910
4.5    775
5.5    777
6.5    680
7.5    567
8.5    518
9.5    428
10.5    344
11.5    296
12.5    247
13.5    185
14.5    142
15.5    135
16.5    78
17.5    81
18.5    62
19.5    19
20.5    31
21.5    19
22.5    16
23.5    12
24.5    2
25.5    7
26.5    3
27.5    0
28.5    2
29.5    3
30.5    0
