-38.5    7
-37.5    11
-36.5    17
-35.5    22
-34.5    27
-33.5    49
-32.5    53
-31.5    56
-30.5    100
-29.5    125
-28.5    165
-27.5    255
-26.5    266
-25.5    358
-24.5    424
-23.5    540
-22.5    631
-21.5    679
-20.5    817
-19.5    899
-18.5    1002
-17.5    1095
-16.5    1127
-15.5    1209
-14.5    1220
-13.5    1248
-12.5    1201
-11.5    1214
-10.5    1240
-9.5    1224
-8.5    1088
-7.5    1059
-6.5    1005
-5.5    961
-4.5    949
-3.5    837
-2.5    831
-1.5    739
-0.5    698
0.5    691
1.5    647
2.5    585
3.5    513
4.5    508
5.5    455
6.5    439
7.5    358
8.5    357
9.5    317
10.5    240
11.5    208
12.5    169
13.5    132
14.5    99
15.5    87
16.5    64
17.5    59
18.5    33
19.5    36
20.5    16
21.5    12
22.5    9
23.5    8
24.5    6
25.5    3
26.5    2
27.5    1
28.5    2
29.5    0
30.5    2
