-38.5    7
-37.5    2
-36.5    10
-35.5    7
-34.5    5
-33.5    14
-32.5    15
-31.5    28
-30.5    39
-29.5    57
-28.5    80
-27.5    104
-26.5    111
-25.5    131
-24.5    155
-23.5    205
-22.5    217
-21.5    280
-20.5    283
-19.5    303
-18.5    358
-17.5    362
-16.5    423
-15.5    454
-14.5    497
-13.5    570
-12.5    551
-11.5    561
-10.5    571
-9.5    616
-8.5    701
-7.5    751
-6.5    782
-5.5    842
-4.5    921
-3.5    908
-2.5    912
-1.5    987
-0.5    985
0.5    935
1.5    984
2.5    846
3.5    817
4.5    763
5.5    717
6.5    650
7.5    603
8.5    505
9.5    392
10.5    321
11.5    278
12.5    216
13.5    183
14.5    172
15.5    118
16.5    98
17.5    79
18.5    45
19.5    46
20.5    15
21.5    16
22.5    16
23.5    7
24.5    12
25.5    6
26.5    2
27.5    2
28.5    1
29.5    1
30.5    0
