-38.5    6
-37.5    8
-36.5    15
-35.5    22
-34.5    24
-33.5    50
-32.5    55
-31.5    72
-30.5    107
-29.5    121
-28.5    174
-27.5    252
-26.5    248
-25.5    372
-24.5    418
-23.5    549
-22.5    628
-21.5    709
-20.5    788
-19.5    951
-18.5    974
-17.5    1159
-16.5    1132
-15.5    1282
-14.5    1250
-13.5    1253
-12.5    1205
-11.5    1234
-10.5    1218
-9.5    1183
-8.5    1065
-7.5    1017
-6.5    990
-5.5    973
-4.5    917
-3.5    825
-2.5    835
-1.5    735
-0.5    710
0.5    655
1.5    648
2.5    575
3.5    459
4.5    526
5.5    425
6.5    422
7.5    360
8.5    324
9.5    252
10.5    230
11.5    211
12.5    164
13.5    110
14.5    108
15.5    86
16.5    65
17.5    45
18.5    32
19.5    35
20.5    20
21.5    18
22.5    15
23.5    2
24.5    7
25.5    3
26.5    3
27.5    1
28.5    3
29.5    1
30.5    0
