-38.5    0
-37.5    3
-36.5    3
-35.5    13
-34.5    9
-33.5    18
-32.5    29
-31.5    33
-30.5    61
-29.5    71
-28.5    97
-27.5    129
-26.5    161
-25.5    188
-24.5    214
-23.5    274
-22.5    297
-21.5    368
-20.5    432
-19.5    442
-18.5    529
-17.5    507
-16.5    659
-15.5    603
-14.5    633
-13.5    650
-12.5    690
-11.5    728
-10.5    743
-9.5    767
-8.5    818
-7.5    834
-6.5    843
-5.5    900
-4.5    975
-3.5    964
-2.5    895
-1.5    1010
-0.5    991
0.5    990
1.5    948
2.5    880
3.5    907
4.5    750
5.5    767
6.5    637
7.5    619
8.5    483
9.5    429
10.5    364
11.5    313
12.5    225
13.5    199
14.5    151
15.5    129
16.5    91
17.5    69
18.5    65
19.5    23
20.5    31
21.5    21
22.5    10
23.5    14
24.5    5
25.5    7
26.5    4
27.5    1
28.5    2
29.5    3
30.5    0
