-38.5    4
-37.5    9
-36.5    10
-35.5    18
-34.5    39
-33.5    40
-32.5    64
-31.5    81
-30.5    107
-29.5    156
-28.5    196
-27.5    268
-26.5    317
-25.5    383
-24.5    437
-23.5    565
-22.5    741
-21.5    803
-20.5    940
-19.5    997
-18.5    1047
-17.5    1216
-16.5    1284
-15.5    1319
-14.5    1304
-13.5    1338
-12.5    1369
-11.5    1385
-10.5    1301
-9.5    1240
-8.5    1144
-7.5    1115
-6.5    1012
-5.5    929
-4.5    833
-3.5    763
-2.5    702
-1.5    635
-0.5    645
0.5    589
1.5    512
2.5    469
3.5    428
4.5    425
5.5    362
6.5    306
7.5    304
8.5    262
9.5    213
10.5    174
11.5    124
12.5    131
13.5    123
14.5    104
15.5    75
16.5    51
17.5    36
18.5    32
19.5    22
20.5    19
21.5    14
22.5    11
23.5    5
24.5    3
25.5    2
26.5    3
27.5    1
28.5    1
29.5    2
30.5    0
