-38.5    5
-37.5    7
-36.5    9
-35.5    12
-34.5    21
-33.5    37
-32.5    36
-31.5    75
-30.5    95
-29.5    123
-28.5    162
-27.5    205
-26.5    287
-25.5    324
-24.5    418
-23.5    476
-22.5    620
-21.5    682
-20.5    808
-19.5    850
-18.5    945
-17.5    1028
-16.5    1069
-15.5    1175
-14.5    1173
-13.5    1226
-12.5    1379
-11.5    1331
-10.5    1343
-9.5    1373
-8.5    1425
-7.5    1331
-6.5    1387
-5.5    1333
-4.5    1435
-3.5    1438
-2.5    1470
-1.5    1441
-0.5    1443
0.5    1347
1.5    1321
2.5    1291
3.5    1194
4.5    1129
5.5    1039
6.5    910
7.5    783
8.5    742
9.5    654
10.5    510
11.5    404
12.5    328
13.5    275
14.5    212
15.5    174
16.5    130
17.5    98
18.5    72
19.5    51
20.5    35
21.5    26
22.5    20
23.5    14
24.5    4
25.5    6
26.5    4
27.5    1
28.5    0
29.5    5
30.5    1
