-38.5    2
-37.5    0
-36.5    7
-35.5    7
-34.5    11
-33.5    15
-32.5    25
-31.5    34
-30.5    46
-29.5    65
-28.5    74
-27.5    103
-26.5    142
-25.5    162
-24.5    180
-23.5    227
-22.5    249
-21.5    299
-20.5    363
-19.5    399
-18.5    434
-17.5    459
-16.5    514
-15.5    552
-14.5    561
-13.5    591
-12.5    637
-11.5    694
-10.5    739
-9.5    734
-8.5    774
-7.5    775
-6.5    829
-5.5    915
-4.5    932
-3.5    922
-2.5    997
-1.5    978
-0.5    958
0.5    955
1.5    954
2.5    915
3.5    847
4.5    804
5.5    709
6.5    647
7.5    590
8.5    546
9.5    470
10.5    341
11.5    296
12.5    248
13.5    182
14.5    152
15.5    127
16.5    117
17.5    72
18.5    53
19.5    45
20.5    24
21.5    25
22.5    15
23.5    7
24.5    9
25.5    2
26.5    0
27.5    4
28.5    1
29.5    1
30.5    0
