-38.5    7
-37.5    14
-36.5    7
-35.5    28
-34.5    28
-33.5    47
-32.5    67
-31.5    112
-30.5    143
-29.5    185
-28.5    223
-27.5    337
-26.5    430
-25.5    491
-24.5    617
-23.5    655
-22.5    862
-21.5    944
-20.5    1157
-19.5    1313
-18.5    1372
-17.5    1470
-16.5    1600
-15.5    1619
-14.5    1751
-13.5    1731
-12.5    1689
-11.5    1700
-10.5    1650
-9.5    1716
-8.5    1620
-7.5    1555
-6.5    1432
-5.5    1432
-4.5    1444
-3.5    1285
-2.5    1251
-1.5    1190
-0.5    1152
0.5    1099
1.5    1046
2.5    966
3.5    950
4.5    858
5.5    840
6.5    730
7.5    660
8.5    562
9.5    458
10.5    380
11.5    371
12.5    265
13.5    231
14.5    163
15.5    145
16.5    102
17.5    74
18.5    44
19.5    46
20.5    32
21.5    24
22.5    22
23.5    11
24.5    11
25.5    10
26.5    2
27.5    3
28.5    2
29.5    1
30.5    2
