-38.5    2
-37.5    3
-36.5    6
-35.5    7
-34.5    8
-33.5    14
-32.5    20
-31.5    19
-30.5    31
-29.5    43
-28.5    54
-27.5    63
-26.5    66
-25.5    106
-24.5    98
-23.5    150
-22.5    177
-21.5    201
-20.5    231
-19.5    263
-18.5    281
-17.5    302
-16.5    335
-15.5    390
-14.5    382
-13.5    455
-12.5    483
-11.5    491
-10.5    527
-9.5    638
-8.5    641
-7.5    710
-6.5    729
-5.5    816
-4.5    846
-3.5    902
-2.5    883
-1.5    935
-0.5    906
0.5    945
1.5    907
2.5    890
3.5    812
4.5    734
5.5    743
6.5    587
7.5    521
8.5    499
9.5    409
10.5    354
11.5    287
12.5    222
13.5    169
14.5    136
15.5    101
16.5    90
17.5    73
18.5    69
19.5    35
20.5    36
21.5    19
22.5    11
23.5    11
24.5    5
25.5    3
26.5    2
27.5    2
28.5    1
29.5    0
30.5    0
