-38.5    3
-37.5    2
-36.5    6
-35.5    12
-34.5    17
-33.5    25
-32.5    29
-31.5    36
-30.5    65
-29.5    75
-28.5    89
-27.5    126
-26.5    159
-25.5    204
-24.5    226
-23.5    256
-22.5    336
-21.5    371
-20.5    419
-19.5    444
-18.5    521
-17.5    591
-16.5    564
-15.5    636
-14.5    685
-13.5    705
-12.5    779
-11.5    753
-10.5    818
-9.5    792
-8.5    877
-7.5    827
-6.5    859
-5.5    963
-4.5    913
-3.5    932
-2.5    992
-1.5    983
-0.5    961
0.5    971
1.5    910
2.5    851
3.5    865
4.5    785
5.5    713
6.5    676
7.5    576
8.5    483
9.5    398
10.5    347
11.5    274
12.5    239
13.5    189
14.5    154
15.5    98
16.5    93
17.5    60
18.5    50
19.5    42
20.5    20
21.5    17
22.5    7
23.5    10
24.5    7
25.5    8
26.5    5
27.5    2
28.5    1
29.5    1
30.5    0
