-38.5    9
-37.5    3
-36.5    17
-35.5    16
-34.5    31
-33.5    51
-32.5    71
-31.5    78
-30.5    132
-29.5    145
-28.5    197
-27.5    253
-26.5    298
-25.5    369
-24.5    440
-23.5    564
-22.5    626
-21.5    763
-20.5    842
-19.5    912
-18.5    1017
-17.5    1182
-16.5    1217
-15.5    1225
-14.5    1316
-13.5    1311
-12.5    1300
-11.5    1309
-10.5    1297
-9.5    1220
-8.5    1129
-7.5    1079
-6.5    1033
-5.5    938
-4.5    837
-3.5    843
-2.5    770
-1.5    724
-0.5    698
0.5    602
1.5    578
2.5    528
3.5    506
4.5    478
5.5    434
6.5    360
7.5    326
8.5    278
9.5    266
10.5    219
11.5    169
12.5    133
13.5    134
14.5    84
15.5    69
16.5    51
17.5    46
18.5    40
19.5    21
20.5    14
21.5    15
22.5    4
23.5    8
24.5    2
25.5    2
26.5    4
27.5    0
28.5    2
29.5    2
30.5    3
