-38.5    6
-37.5    1
-36.5    10
-35.5    22
-34.5    20
-33.5    39
-32.5    53
-31.5    67
-30.5    88
-29.5    130
-28.5    151
-27.5    278
-26.5    323
-25.5    405
-24.5    495
-23.5    595
-22.5    786
-21.5    890
-20.5    1057
-19.5    1159
-18.5    1314
-17.5    1444
-16.5    1531
-15.5    1559
-14.5    1624
-13.5    1621
-12.5    1631
-11.5    1508
-10.5    1499
-9.5    1408
-8.5    1324
-7.5    1151
-6.5    1093
-5.5    945
-4.5    821
-3.5    681
-2.5    535
-1.5    511
-0.5    404
0.5    346
1.5    311
2.5    266
3.5    254
4.5    232
5.5    203
6.5    193
7.5    163
8.5    131
9.5    128
10.5    115
11.5    100
12.5    86
13.5    77
14.5    46
15.5    41
16.5    35
17.5    31
18.5    20
19.5    12
20.5    7
21.5    7
22.5    5
23.5    4
24.5    2
25.5    2
26.5    2
27.5    0
28.5    1
29.5    3
30.5    0
