-38.5    0
-37.5    1
-36.5    3
-35.5    2
-34.5    2
-33.5    2
-32.5    5
-31.5    10
-30.5    8
-29.5    9
-28.5    22
-27.5    25
-26.5    24
-25.5    28
-24.5    46
-23.5    33
-22.5    55
-21.5    60
-20.5    80
-19.5    81
-18.5    97
-17.5    124
-16.5    159
-15.5    213
-14.5    267
-13.5    338
-12.5    397
-11.5    527
-10.5    593
-9.5    718
-8.5    826
-7.5    975
-6.5    1227
-5.5    1286
-4.5    1479
-3.5    1533
-2.5    1658
-1.5    1680
-0.5    1757
0.5    1707
1.5    1665
2.5    1669
3.5    1560
4.5    1430
5.5    1320
6.5    1148
7.5    1010
8.5    823
9.5    754
10.5    589
11.5    451
12.5    353
13.5    286
14.5    231
15.5    143
16.5    113
17.5    80
18.5    52
19.5    57
20.5    32
21.5    19
22.5    7
23.5    8
24.5    9
25.5    3
26.5    1
27.5    1
28.5    1
29.5    0
30.5    1
