-38.5    2
-37.5    5
-36.5    2
-35.5    10
-34.5    4
-33.5    5
-32.5    13
-31.5    14
-30.5    11
-29.5    25
-28.5    37
-27.5    45
-26.5    57
-25.5    67
-24.5    73
-23.5    102
-22.5    109
-21.5    112
-20.5    132
-19.5    141
-18.5    174
-17.5    230
-16.5    248
-15.5    256
-14.5    318
-13.5    364
-12.5    406
-11.5    502
-10.5    578
-9.5    677
-8.5    885
-7.5    946
-6.5    1032
-5.5    1264
-4.5    1378
-3.5    1554
-2.5    1545
-1.5    1497
-0.5    1682
0.5    1615
1.5    1611
2.5    1625
3.5    1444
4.5    1390
5.5    1204
6.5    1099
7.5    1008
8.5    833
9.5    763
10.5    571
11.5    497
12.5    344
13.5    280
14.5    226
15.5    149
16.5    101
17.5    83
18.5    85
19.5    36
20.5    29
21.5    27
22.5    7
23.5    6
24.5    8
25.5    2
26.5    6
27.5    0
28.5    1
29.5    2
30.5    0
