-38.5    3
-37.5    9
-36.5    12
-35.5    8
-34.5    20
-33.5    37
-32.5    43
-31.5    67
-30.5    82
-29.5    126
-28.5    174
-27.5    209
-26.5    244
-25.5    325
-24.5    380
-23.5    488
-22.5    523
-21.5    623
-20.5    739
-19.5    880
-18.5    919
-17.5    925
-16.5    980
-15.5    1057
-14.5    1059
-13.5    1034
-12.5    1025
-11.5    1045
-10.5    1041
-9.5    960
-8.5    952
-7.5    864
-6.5    837
-5.5    893
-4.5    855
-3.5    816
-2.5    799
-1.5    884
-0.5    868
0.5    786
1.5    824
2.5    869
3.5    832
4.5    790
5.5    681
6.5    613
7.5    648
8.5    556
9.5    451
10.5    409
11.5    313
12.5    291
13.5    212
14.5    202
15.5    118
16.5    121
17.5    81
18.5    56
19.5    39
20.5    30
21.5    21
22.5    21
23.5    15
24.5    10
25.5    8
26.5    4
27.5    2
28.5    1
29.5    1
30.5    1
