-38.5    2
-37.5    5
-36.5    11
-35.5    11
-34.5    23
-33.5    31
-32.5    44
-31.5    58
-30.5    68
-29.5    105
-28.5    146
-27.5    176
-26.5    229
-25.5    281
-24.5    353
-23.5    423
-22.5    425
-21.5    561
-20.5    622
-19.5    673
-18.5    750
-17.5    737
-16.5    795
-15.5    806
-14.5    832
-13.5    851
-12.5    865
-11.5    837
-10.5    852
-9.5    857
-8.5    820
-7.5    811
-6.5    889
-5.5    915
-4.5    919
-3.5    911
-2.5    996
-1.5    1089
-0.5    1078
0.5    1066
1.5    1048
2.5    1065
3.5    1000
4.5    957
5.5    917
6.5    828
7.5    752
8.5    659
9.5    594
10.5    508
11.5    392
12.5    337
13.5    300
14.5    181
15.5    139
16.5    122
17.5    100
18.5    67
19.5    50
20.5    32
21.5    20
22.5    16
23.5    7
24.5    9
25.5    3
26.5    2
27.5    2
28.5    2
29.5    5
30.5    1
