-38.5    2
-37.5    6
-36.5    4
-35.5    12
-34.5    22
-33.5    21
-32.5    42
-31.5    60
-30.5    99
-29.5    126
-28.5    145
-27.5    173
-26.5    229
-25.5    325
-24.5    377
-23.5    446
-22.5    557
-21.5    592
-20.5    652
-19.5    791
-18.5    876
-17.5    838
-16.5    984
-15.5    936
-14.5    956
-13.5    936
-12.5    944
-11.5    950
-10.5    873
-9.5    841
-8.5    946
-7.5    806
-6.5    833
-5.5    816
-4.5    865
-3.5    894
-2.5    958
-1.5    936
-0.5    962
0.5    947
1.5    922
2.5    936
3.5    927
4.5    857
5.5    864
6.5    815
7.5    668
8.5    616
9.5    577
10.5    405
11.5    366
12.5    332
13.5    238
14.5    216
15.5    162
16.5    123
17.5    96
18.5    51
19.5    42
20.5    30
21.5    28
22.5    13
23.5    10
24.5    5
25.5    7
26.5    1
27.5    1
28.5    0
29.5    1
30.5    0
