-38.5    1
-37.5    3
-36.5    11
-35.5    20
-34.5    21
-33.5    42
-32.5    50
-31.5    69
-30.5    99
-29.5    107
-28.5    169
-27.5    258
-26.5    320
-25.5    395
-24.5    507
-23.5    618
-22.5    810
-21.5    915
-20.5    1066
-19.5    1228
-18.5    1395
-17.5    1404
-16.5    1494
-15.5    1570
-14.5    1686
-13.5    1639
-12.5    1632
-11.5    1583
-10.5    1567
-9.5    1452
-8.5    1276
-7.5    1166
-6.5    1104
-5.5    925
-4.5    805
-3.5    658
-2.5    576
-1.5    468
-0.5    386
0.5    352
1.5    307
2.5    247
3.5    243
4.5    208
5.5    176
6.5    174
7.5    145
8.5    108
9.5    99
10.5    93
11.5    91
12.5    74
13.5    54
14.5    47
15.5    30
16.5    34
17.5    20
18.5    19
19.5    9
20.5    9
21.5    8
22.5    6
23.5    1
24.5    1
25.5    1
26.5    3
27.5    1
28.5    0
29.5    1
30.5    0
