-38.5    1
-37.5    0
-36.5    8
-35.5    10
-34.5    11
-33.5    27
-32.5    34
-31.5    36
-30.5    37
-29.5    58
-28.5    81
-27.5    108
-26.5    112
-25.5    158
-24.5    170
-23.5    213
-22.5    267
-21.5    287
-20.5    355
-19.5    347
-18.5    405
-17.5    429
-16.5    451
-15.5    535
-14.5    527
-13.5    578
-12.5    615
-11.5    620
-10.5    644
-9.5    725
-8.5    821
-7.5    942
-6.5    966
-5.5    1086
-4.5    1217
-3.5    1231
-2.5    1324
-1.5    1331
-0.5    1478
0.5    1431
1.5    1481
2.5    1402
3.5    1335
4.5    1294
5.5    1164
6.5    1116
7.5    909
8.5    750
9.5    665
10.5    553
11.5    458
12.5    362
13.5    263
14.5    197
15.5    159
16.5    129
17.5    91
18.5    64
19.5    45
20.5    30
21.5    20
22.5    10
23.5    10
24.5    4
25.5    3
26.5    2
27.5    1
28.5    1
29.5    0
30.5    0
