-38.5    0
-37.5    2
-36.5    3
-35.5    1
-34.5    4
-33.5    5
-32.5    8
-31.5    10
-30.5    12
-29.5    16
-28.5    26
-27.5    28
-26.5    39
-25.5    39
-24.5    63
-23.5    43
-22.5    77
-21.5    82
-20.5    87
-19.5    113
-18.5    122
-17.5    156
-16.5    178
-15.5    230
-14.5    272
-13.5    349
-12.5    423
-11.5    518
-10.5    603
-9.5    743
-8.5    828
-7.5    1010
-6.5    1124
-5.5    1235
-4.5    1404
-3.5    1556
-2.5    1630
-1.5    1630
-0.5    1749
0.5    1743
1.5    1623
2.5    1683
3.5    1487
4.5    1402
5.5    1315
6.5    1135
7.5    986
8.5    803
9.5    742
10.5    584
11.5    433
12.5    404
13.5    267
14.5    236
15.5    165
16.5    106
17.5    77
18.5    60
19.5    50
20.5    37
21.5    21
22.5    5
23.5    7
24.5    7
25.5    3
26.5    2
27.5    1
28.5    2
29.5    0
30.5    1
