-38.5    4
-37.5    1
-36.5    8
-35.5    10
-34.5    16
-33.5    23
-32.5    30
-31.5    34
-30.5    62
-29.5    72
-28.5    84
-27.5    134
-26.5    125
-25.5    162
-24.5    199
-23.5    250
-22.5    307
-21.5    355
-20.5    399
-19.5    411
-18.5    441
-17.5    455
-16.5    515
-15.5    543
-14.5    553
-13.5    591
-12.5    646
-11.5    665
-10.5    637
-9.5    762
-8.5    800
-7.5    909
-6.5    938
-5.5    1060
-4.5    1177
-3.5    1165
-2.5    1262
-1.5    1306
-0.5    1371
0.5    1411
1.5    1412
2.5    1343
3.5    1317
4.5    1279
5.5    1142
6.5    1037
7.5    918
8.5    771
9.5    703
10.5    539
11.5    458
12.5    348
13.5    287
14.5    208
15.5    167
16.5    133
17.5    88
18.5    65
19.5    49
20.5    19
21.5    22
22.5    11
23.5    11
24.5    5
25.5    1
26.5    3
27.5    1
28.5    0
29.5    0
30.5    0
