-38.5    3
-37.5    7
-36.5    7
-35.5    9
-34.5    17
-33.5    33
-32.5    43
-31.5    65
-30.5    75
-29.5    111
-28.5    182
-27.5    219
-26.5    270
-25.5    316
-24.5    386
-23.5    513
-22.5    563
-21.5    681
-20.5    798
-19.5    859
-18.5    957
-17.5    1015
-16.5    1085
-15.5    1120
-14.5    1105
-13.5    1093
-12.5    1087
-11.5    1105
-10.5    1100
-9.5    1016
-8.5    1009
-7.5    899
-6.5    865
-5.5    802
-4.5    865
-3.5    790
-2.5    711
-1.5    839
-0.5    807
0.5    772
1.5    770
2.5    794
3.5    779
4.5    723
5.5    666
6.5    598
7.5    616
8.5    491
9.5    469
10.5    374
11.5    287
12.5    315
13.5    195
14.5    178
15.5    124
16.5    112
17.5    65
18.5    70
19.5    43
20.5    29
21.5    20
22.5    17
23.5    16
24.5    7
25.5    5
26.5    2
27.5    0
28.5    2
29.5    1
30.5    0
