-38.5    4
-37.5    2
-36.5    7
-35.5    12
-34.5    13
-33.5    15
-32.5    27
-31.5    43
-30.5    63
-29.5    92
-28.5    96
-27.5    139
-26.5    162
-25.5    198
-24.5    248
-23.5    294
-22.5    347
-21.5    406
-20.5    399
-19.5    473
-18.5    482
-17.5    532
-16.5    576
-15.5    610
-14.5    565
-13.5    630
-12.5    676
-11.5    699
-10.5    703
-9.5    783
-8.5    782
-7.5    885
-6.5    922
-5.5    1021
-4.5    1088
-3.5    1144
-2.5    1265
-1.5    1269
-0.5    1288
0.5    1383
1.5    1342
2.5    1304
3.5    1258
4.5    1211
5.5    1103
6.5    975
7.5    891
8.5    789
9.5    636
10.5    516
11.5    460
12.5    326
13.5    292
14.5    217
15.5    156
16.5    117
17.5    89
18.5    66
19.5    46
20.5    22
21.5    22
22.5    14
23.5    8
24.5    7
25.5    2
26.5    3
27.5    4
28.5    0
29.5    0
30.5    0
