-38.5    7
-37.5    7
-36.5    11
-35.5    13
-34.5    27
-33.5    41
-32.5    59
-31.5    77
-30.5    105
-29.5    128
-28.5    161
-27.5    231
-26.5    296
-25.5    332
-24.5    404
-23.5    514
-22.5    580
-21.5    672
-20.5    706
-19.5    808
-18.5    870
-17.5    920
-16.5    967
-15.5    986
-14.5    1038
-13.5    1055
-12.5    1089
-11.5    1143
-10.5    1171
-9.5    1148
-8.5    1207
-7.5    1308
-6.5    1374
-5.5    1441
-4.5    1569
-3.5    1600
-2.5    1756
-1.5    1740
-0.5    1884
0.5    1927
1.5    1878
2.5    1843
3.5    1674
4.5    1624
5.5    1526
6.5    1363
7.5    1258
8.5    1130
9.5    878
10.5    776
11.5    673
12.5    493
13.5    402
14.5    325
15.5    233
16.5    175
17.5    127
18.5    88
19.5    61
20.5    42
21.5    28
22.5    23
23.5    16
24.5    8
25.5    5
26.5    0
27.5    8
28.5    4
29.5    2
30.5    0
