-38.5    9
-37.5    6
-36.5    8
-35.5    18
-34.5    22
-33.5    24
-32.5    56
-31.5    66
-30.5    92
-29.5    139
-28.5    199
-27.5    257
-26.5    318
-25.5    394
-24.5    543
-23.5    663
-22.5    766
-21.5    933
-20.5    1095
-19.5    1246
-18.5    1372
-17.5    1490
-16.5    1530
-15.5    1617
-14.5    1764
-13.5    1736
-12.5    1706
-11.5    1771
-10.5    1641
-9.5    1519
-8.5    1343
-7.5    1240
-6.5    1110
-5.5    923
-4.5    817
-3.5    649
-2.5    549
-1.5    461
-0.5    360
0.5    287
1.5    239
2.5    161
3.5    153
4.5    116
5.5    88
6.5    72
7.5    79
8.5    75
9.5    58
10.5    42
11.5    45
12.5    36
13.5    26
14.5    21
15.5    22
16.5    12
17.5    14
18.5    9
19.5    3
20.5    4
21.5    7
22.5    2
23.5    1
24.5    1
25.5    1
26.5    1
27.5    1
28.5    0
29.5    0
30.5    0
