-38.5    6
-37.5    6
-36.5    12
-35.5    15
-34.5    18
-33.5    45
-32.5    46
-31.5    71
-30.5    106
-29.5    150
-28.5    155
-27.5    278
-26.5    301
-25.5    449
-24.5    477
-23.5    585
-22.5    756
-21.5    885
-20.5    1070
-19.5    1089
-18.5    1272
-17.5    1432
-16.5    1523
-15.5    1509
-14.5    1592
-13.5    1585
-12.5    1583
-11.5    1537
-10.5    1459
-9.5    1333
-8.5    1304
-7.5    1181
-6.5    1006
-5.5    922
-4.5    773
-3.5    720
-2.5    560
-1.5    543
-0.5    438
0.5    385
1.5    337
2.5    310
3.5    269
4.5    273
5.5    220
6.5    210
7.5    202
8.5    161
9.5    156
10.5    151
11.5    109
12.5    103
13.5    93
14.5    59
15.5    55
16.5    34
17.5    45
18.5    24
19.5    19
20.5    10
21.5    9
22.5    6
23.5    10
24.5    2
25.5    3
26.5    0
27.5    0
28.5    1
29.5    2
30.5    1
