-38.5    1
-37.5    4
-36.5    13
-35.5    18
-34.5    25
-33.5    35
-32.5    38
-31.5    65
-30.5    117
-29.5    120
-28.5    201
-27.5    255
-26.5    331
-25.5    409
-24.5    524
-23.5    644
-22.5    801
-21.5    953
-20.5    1121
-19.5    1178
-18.5    1361
-17.5    1481
-16.5    1499
-15.5    1602
-14.5    1722
-13.5    1769
-12.5    1690
-11.5    1651
-10.5    1589
-9.5    1487
-8.5    1243
-7.5    1204
-6.5    1028
-5.5    885
-4.5    779
-3.5    666
-2.5    535
-1.5    462
-0.5    380
0.5    334
1.5    269
2.5    210
3.5    200
4.5    171
5.5    160
6.5    131
7.5    118
8.5    78
9.5    94
10.5    82
11.5    54
12.5    58
13.5    34
14.5    38
15.5    29
16.5    27
17.5    16
18.5    19
19.5    11
20.5    4
21.5    7
22.5    6
23.5    1
24.5    1
25.5    2
26.5    1
27.5    1
28.5    0
29.5    0
30.5    0
