-38.5    0
-37.5    4
-36.5    2
-35.5    6
-34.5    4
-33.5    7
-32.5    8
-31.5    11
-30.5    11
-29.5    18
-28.5    31
-27.5    33
-26.5    51
-25.5    53
-24.5    61
-23.5    67
-22.5    104
-21.5    100
-20.5    108
-19.5    137
-18.5    146
-17.5    199
-16.5    222
-15.5    224
-14.5    300
-13.5    378
-12.5    418
-11.5    491
-10.5    600
-9.5    685
-8.5    840
-7.5    966
-6.5    1027
-5.5    1246
-4.5    1337
-3.5    1526
-2.5    1593
-1.5    1593
-0.5    1738
0.5    1712
1.5    1630
2.5    1637
3.5    1468
4.5    1399
5.5    1278
6.5    1145
7.5    983
8.5    872
9.5    740
10.5    565
11.5    465
12.5    396
13.5    250
14.5    227
15.5    185
16.5    97
17.5    86
18.5    72
19.5    41
20.5    31
21.5    26
22.5    9
23.5    9
24.5    6
25.5    4
26.5    4
27.5    1
28.5    1
29.5    2
30.5    1
