-38.5    1
-37.5    4
-36.5    10
-35.5    16
-34.5    21
-33.5    38
-32.5    42
-31.5    67
-30.5    107
-29.5    120
-28.5    169
-27.5    250
-26.5    337
-25.5    450
-24.5    527
-23.5    702
-22.5    765
-21.5    945
-20.5    1051
-19.5    1263
-18.5    1449
-17.5    1497
-16.5    1603
-15.5    1701
-14.5    1795
-13.5    1809
-12.5    1702
-11.5    1708
-10.5    1670
-9.5    1530
-8.5    1384
-7.5    1309
-6.5    1117
-5.5    985
-4.5    804
-3.5    667
-2.5    569
-1.5    477
-0.5    337
0.5    277
1.5    193
2.5    142
3.5    109
4.5    109
5.5    63
6.5    47
7.5    36
8.5    24
9.5    15
10.5    18
11.5    12
12.5    11
13.5    5
14.5    9
15.5    7
16.5    5
17.5    5
18.5    3
19.5    2
20.5    4
21.5    3
22.5    1
23.5    4
24.5    1
25.5    1
26.5    1
27.5    0
28.5    3
29.5    1
30.5    0
