-38.5    4
-37.5    6
-36.5    17
-35.5    13
-34.5    23
-33.5    35
-32.5    43
-31.5    90
-30.5    93
-29.5    128
-28.5    177
-27.5    228
-26.5    291
-25.5    357
-24.5    433
-23.5    487
-22.5    636
-21.5    744
-20.5    899
-19.5    1014
-18.5    1036
-17.5    1141
-16.5    1129
-15.5    1316
-14.5    1255
-13.5    1242
-12.5    1223
-11.5    1221
-10.5    1128
-9.5    1094
-8.5    1002
-7.5    898
-6.5    892
-5.5    872
-4.5    814
-3.5    757
-2.5    730
-1.5    728
-0.5    739
0.5    654
1.5    688
2.5    644
3.5    645
4.5    581
5.5    553
6.5    506
7.5    483
8.5    421
9.5    384
10.5    335
11.5    327
12.5    233
13.5    201
14.5    162
15.5    124
16.5    102
17.5    71
18.5    48
19.5    38
20.5    31
21.5    25
22.5    3
23.5    5
24.5    11
25.5    3
26.5    4
27.5    2
28.5    2
29.5    0
30.5    0
