-38.5    3
-37.5    4
-36.5    6
-35.5    9
-34.5    7
-33.5    17
-32.5    26
-31.5    38
-30.5    39
-29.5    65
-28.5    49
-27.5    71
-26.5    91
-25.5    114
-24.5    137
-23.5    183
-22.5    180
-21.5    201
-20.5    277
-19.5    275
-18.5    283
-17.5    323
-16.5    345
-15.5    415
-14.5    477
-13.5    459
-12.5    527
-11.5    587
-10.5    638
-9.5    704
-8.5    789
-7.5    935
-6.5    1019
-5.5    1150
-4.5    1243
-3.5    1425
-2.5    1386
-1.5    1535
-0.5    1549
0.5    1551
1.5    1495
2.5    1480
3.5    1428
4.5    1382
5.5    1219
6.5    1143
7.5    950
8.5    789
9.5    630
10.5    532
11.5    441
12.5    385
13.5    276
14.5    208
15.5    179
16.5    123
17.5    93
18.5    42
19.5    43
20.5    29
21.5    30
22.5    10
23.5    13
24.5    9
25.5    6
26.5    2
27.5    0
28.5    0
29.5    1
30.5    1
