-38.5    5
-37.5    13
-36.5    12
-35.5    12
-34.5    26
-33.5    32
-32.5    61
-31.5    65
-30.5    97
-29.5    154
-28.5    194
-27.5    260
-26.5    344
-25.5    416
-24.5    545
-23.5    647
-22.5    809
-21.5    978
-20.5    1112
-19.5    1203
-18.5    1390
-17.5    1533
-16.5    1586
-15.5    1661
-14.5    1767
-13.5    1786
-12.5    1738
-11.5    1779
-10.5    1663
-9.5    1495
-8.5    1371
-7.5    1305
-6.5    1093
-5.5    905
-4.5    843
-3.5    734
-2.5    512
-1.5    399
-0.5    365
0.5    292
1.5    207
2.5    182
3.5    142
4.5    91
5.5    81
6.5    71
7.5    54
8.5    42
9.5    52
10.5    30
11.5    14
12.5    10
13.5    23
14.5    11
15.5    18
16.5    11
17.5    9
18.5    1
19.5    2
20.5    3
21.5    3
22.5    3
23.5    1
24.5    1
25.5    2
26.5    1
27.5    1
28.5    1
29.5    0
30.5    0
