-38.5    1
-37.5    2
-36.5    2
-35.5    3
-34.5    0
-33.5    0
-32.5    3
-31.5    11
-30.5    12
-29.5    11
-28.5    17
-27.5    28
-26.5    25
-25.5    31
-24.5    48
-23.5    56
-22.5    68
-21.5    71
-20.5    96
-19.5    94
-18.5    140
-17.5    179
-16.5    226
-15.5    268
-14.5    382
-13.5    491
-12.5    557
-11.5    734
-10.5    934
-9.5    1000
-8.5    1262
-7.5    1428
-6.5    1752
-5.5    1905
-4.5    2114
-3.5    2291
-2.5    2455
-1.5    2629
-0.5    2639
0.5    2577
1.5    2569
2.5    2473
3.5    2316
4.5    2118
5.5    1977
6.5    1788
7.5    1585
8.5    1308
9.5    1149
10.5    882
11.5    689
12.5    527
13.5    432
14.5    341
15.5    243
16.5    160
17.5    140
18.5    87
19.5    81
20.5    46
21.5    33
22.5    23
23.5    13
24.5    17
25.5    6
26.5    2
27.5    1
28.5    1
29.5    0
30.5    2
