-38.5    2
-37.5    5
-36.5    4
-35.5    5
-34.5    8
-33.5    15
-32.5    13
-31.5    32
-30.5    30
-29.5    48
-28.5    51
-27.5    68
-26.5    86
-25.5    94
-24.5    109
-23.5    168
-22.5    146
-21.5    162
-20.5    226
-19.5    241
-18.5    234
-17.5    274
-16.5    287
-15.5    319
-14.5    438
-13.5    424
-12.5    506
-11.5    621
-10.5    636
-9.5    705
-8.5    785
-7.5    917
-6.5    1042
-5.5    1165
-4.5    1272
-3.5    1391
-2.5    1444
-1.5    1528
-0.5    1600
0.5    1610
1.5    1575
2.5    1504
3.5    1484
4.5    1366
5.5    1181
6.5    1109
7.5    966
8.5    792
9.5    646
10.5    549
11.5    463
12.5    389
13.5    288
14.5    225
15.5    165
16.5    122
17.5    85
18.5    43
19.5    44
20.5    25
21.5    24
22.5    12
23.5    11
24.5    5
25.5    9
26.5    2
27.5    0
28.5    0
29.5    1
30.5    2
