-38.5    1
-37.5    1
-36.5    2
-35.5    0
-34.5    2
-33.5    3
-32.5    5
-31.5    6
-30.5    1
-29.5    2
-28.5    5
-27.5    13
-26.5    13
-25.5    14
-24.5    22
-23.5    26
-22.5    33
-21.5    37
-20.5    44
-19.5    57
-18.5    86
-17.5    107
-16.5    124
-15.5    182
-14.5    245
-13.5    299
-12.5    345
-11.5    472
-10.5    587
-9.5    676
-8.5    838
-7.5    1012
-6.5    1129
-5.5    1209
-4.5    1398
-3.5    1600
-2.5    1570
-1.5    1705
-0.5    1767
0.5    1720
1.5    1755
2.5    1667
3.5    1529
4.5    1383
5.5    1332
6.5    1198
7.5    1033
8.5    874
9.5    714
10.5    545
11.5    477
12.5    340
13.5    265
14.5    208
15.5    172
16.5    110
17.5    87
18.5    56
19.5    48
20.5    20
21.5    19
22.5    22
23.5    8
24.5    9
25.5    2
26.5    3
27.5    3
28.5    1
29.5    0
30.5    1
