-38.5    5
-37.5    12
-36.5    19
-35.5    21
-34.5    32
-33.5    46
-32.5    81
-31.5    105
-30.5    154
-29.5    204
-28.5    288
-27.5    393
-26.5    515
-25.5    639
-24.5    803
-23.5    1063
-22.5    1220
-21.5    1488
-20.5    1627
-19.5    1860
-18.5    2137
-17.5    2296
-16.5    2432
-15.5    2488
-14.5    2663
-13.5    2720
-12.5    2609
-11.5    2552
-10.5    2433
-9.5    2277
-8.5    2133
-7.5    1939
-6.5    1580
-5.5    1382
-4.5    1259
-3.5    1055
-2.5    776
-1.5    671
-0.5    520
0.5    413
1.5    303
2.5    267
3.5    190
4.5    137
5.5    103
6.5    74
7.5    71
8.5    49
9.5    49
10.5    30
11.5    27
12.5    17
13.5    20
14.5    13
15.5    21
16.5    10
17.5    5
18.5    4
19.5    5
20.5    4
21.5    2
22.5    3
23.5    2
24.5    2
25.5    2
26.5    0
27.5    2
28.5    1
29.5    1
30.5    0
