-38.5    6
-37.5    4
-36.5    9
-35.5    14
-34.5    25
-33.5    40
-32.5    47
-31.5    67
-30.5    123
-29.5    121
-28.5    181
-27.5    247
-26.5    324
-25.5    472
-24.5    537
-23.5    677
-22.5    769
-21.5    955
-20.5    1114
-19.5    1237
-18.5    1375
-17.5    1506
-16.5    1699
-15.5    1700
-14.5    1803
-13.5    1820
-12.5    1659
-11.5    1690
-10.5    1658
-9.5    1551
-8.5    1385
-7.5    1288
-6.5    1124
-5.5    962
-4.5    828
-3.5    693
-2.5    554
-1.5    415
-0.5    327
0.5    266
1.5    208
2.5    139
3.5    96
4.5    97
5.5    49
6.5    40
7.5    23
8.5    22
9.5    17
10.5    20
11.5    14
12.5    9
13.5    5
14.5    9
15.5    6
16.5    4
17.5    5
18.5    2
19.5    2
20.5    3
21.5    3
22.5    1
23.5    4
24.5    1
25.5    0
26.5    2
27.5    0
28.5    3
29.5    1
30.5    0
