-38.5    3
-37.5    8
-36.5    10
-35.5    9
-34.5    23
-33.5    29
-32.5    40
-31.5    74
-30.5    86
-29.5    133
-28.5    154
-27.5    202
-26.5    234
-25.5    336
-24.5    397
-23.5    463
-22.5    536
-21.5    598
-20.5    712
-19.5    868
-18.5    920
-17.5    874
-16.5    976
-15.5    989
-14.5    992
-13.5    965
-12.5    949
-11.5    986
-10.5    914
-9.5    894
-8.5    953
-7.5    884
-6.5    838
-5.5    901
-4.5    845
-3.5    833
-2.5    951
-1.5    885
-0.5    924
0.5    842
1.5    881
2.5    915
3.5    857
4.5    815
5.5    772
6.5    691
7.5    664
8.5    611
9.5    503
10.5    416
11.5    346
12.5    288
13.5    235
14.5    204
15.5    150
16.5    110
17.5    90
18.5    56
19.5    44
20.5    33
21.5    20
22.5    17
23.5    13
24.5    8
25.5    7
26.5    4
27.5    2
28.5    0
29.5    2
30.5    1
