-38.5    4
-37.5    10
-36.5    11
-35.5    30
-34.5    43
-33.5    41
-32.5    80
-31.5    94
-30.5    157
-29.5    181
-28.5    269
-27.5    377
-26.5    491
-25.5    577
-24.5    673
-23.5    861
-22.5    976
-21.5    1199
-20.5    1383
-19.5    1535
-18.5    1717
-17.5    1806
-16.5    1985
-15.5    2030
-14.5    2046
-13.5    2041
-12.5    2023
-11.5    1990
-10.5    1999
-9.5    1806
-8.5    1719
-7.5    1497
-6.5    1344
-5.5    1243
-4.5    1094
-3.5    1109
-2.5    1034
-1.5    927
-0.5    915
0.5    853
1.5    785
2.5    766
3.5    755
4.5    709
5.5    695
6.5    610
7.5    569
8.5    504
9.5    470
10.5    413
11.5    372
12.5    294
13.5    242
14.5    206
15.5    154
16.5    96
17.5    96
18.5    61
19.5    41
20.5    36
21.5    25
22.5    19
23.5    10
24.5    5
25.5    7
26.5    3
27.5    0
28.5    3
29.5    2
30.5    0
