-38.5    3
-37.5    6
-36.5    8
-35.5    11
-34.5    20
-33.5    40
-32.5    51
-31.5    85
-30.5    116
-29.5    131
-28.5    164
-27.5    252
-26.5    321
-25.5    427
-24.5    476
-23.5    590
-22.5    743
-21.5    859
-20.5    989
-19.5    1114
-18.5    1231
-17.5    1339
-16.5    1451
-15.5    1488
-14.5    1568
-13.5    1546
-12.5    1556
-11.5    1530
-10.5    1470
-9.5    1332
-8.5    1297
-7.5    1158
-6.5    980
-5.5    883
-4.5    809
-3.5    736
-2.5    591
-1.5    521
-0.5    434
0.5    442
1.5    361
2.5    351
3.5    343
4.5    287
5.5    250
6.5    249
7.5    255
8.5    205
9.5    193
10.5    157
11.5    135
12.5    97
13.5    92
14.5    77
15.5    64
16.5    38
17.5    38
18.5    29
19.5    24
20.5    14
21.5    12
22.5    9
23.5    9
24.5    1
25.5    2
26.5    2
27.5    0
28.5    1
29.5    0
30.5    2
