-38.5    3
-37.5    4
-36.5    5
-35.5    12
-34.5    28
-33.5    33
-32.5    49
-31.5    89
-30.5    113
-29.5    116
-28.5    178
-27.5    240
-26.5    324
-25.5    396
-24.5    511
-23.5    587
-22.5    729
-21.5    844
-20.5    945
-19.5    1096
-18.5    1160
-17.5    1341
-16.5    1411
-15.5    1492
-14.5    1503
-13.5    1484
-12.5    1457
-11.5    1454
-10.5    1410
-9.5    1338
-8.5    1247
-7.5    1109
-6.5    970
-5.5    844
-4.5    867
-3.5    705
-2.5    628
-1.5    527
-0.5    433
0.5    455
1.5    371
2.5    376
3.5    371
4.5    335
5.5    332
6.5    296
7.5    311
8.5    234
9.5    245
10.5    180
11.5    171
12.5    139
13.5    96
14.5    93
15.5    67
16.5    53
17.5    45
18.5    33
19.5    26
20.5    17
21.5    16
22.5    10
23.5    5
24.5    4
25.5    7
26.5    2
27.5    0
28.5    3
29.5    2
30.5    1
