-38.5    4
-37.5    6
-36.5    12
-35.5    9
-34.5    16
-33.5    31
-32.5    40
-31.5    51
-30.5    85
-29.5    88
-28.5    116
-27.5    172
-26.5    202
-25.5    254
-24.5    306
-23.5    425
-22.5    393
-21.5    525
-20.5    587
-19.5    621
-18.5    698
-17.5    686
-16.5    740
-15.5    708
-14.5    797
-13.5    805
-12.5    820
-11.5    802
-10.5    807
-9.5    756
-8.5    808
-7.5    792
-6.5    898
-5.5    895
-4.5    916
-3.5    955
-2.5    1062
-1.5    1104
-0.5    1179
0.5    1121
1.5    1120
2.5    1151
3.5    1032
4.5    991
5.5    898
6.5    843
7.5    770
8.5    752
9.5    603
10.5    531
11.5    426
12.5    336
13.5    289
14.5    189
15.5    145
16.5    121
17.5    94
18.5    61
19.5    39
20.5    30
21.5    16
22.5    14
23.5    13
24.5    5
25.5    4
26.5    1
27.5    5
28.5    2
29.5    2
30.5    1
