-38.5    3
-37.5    7
-36.5    8
-35.5    20
-34.5    37
-33.5    37
-32.5    55
-31.5    70
-30.5    111
-29.5    117
-28.5    177
-27.5    265
-26.5    326
-25.5    399
-24.5    480
-23.5    606
-22.5    681
-21.5    844
-20.5    965
-19.5    1021
-18.5    1115
-17.5    1328
-16.5    1416
-15.5    1422
-14.5    1423
-13.5    1396
-12.5    1371
-11.5    1394
-10.5    1308
-9.5    1249
-8.5    1196
-7.5    1053
-6.5    953
-5.5    833
-4.5    795
-3.5    708
-2.5    675
-1.5    553
-0.5    508
0.5    469
1.5    444
2.5    430
3.5    407
4.5    379
5.5    395
6.5    339
7.5    342
8.5    286
9.5    282
10.5    231
11.5    216
12.5    176
13.5    114
14.5    111
15.5    71
16.5    63
17.5    56
18.5    37
19.5    28
20.5    21
21.5    15
22.5    7
23.5    6
24.5    5
25.5    7
26.5    0
27.5    0
28.5    3
29.5    2
30.5    0
