-38.5    4
-37.5    6
-36.5    11
-35.5    12
-34.5    25
-33.5    31
-32.5    46
-31.5    95
-30.5    79
-29.5    125
-28.5    176
-27.5    230
-26.5    286
-25.5    323
-24.5    405
-23.5    469
-22.5    596
-21.5    704
-20.5    890
-19.5    890
-18.5    1013
-17.5    1077
-16.5    1129
-15.5    1253
-14.5    1147
-13.5    1154
-12.5    1136
-11.5    1143
-10.5    1104
-9.5    1048
-8.5    1006
-7.5    919
-6.5    879
-5.5    818
-4.5    825
-3.5    771
-2.5    724
-1.5    744
-0.5    763
0.5    743
1.5    745
2.5    729
3.5    717
4.5    625
5.5    647
6.5    584
7.5    536
8.5    456
9.5    424
10.5    345
11.5    312
12.5    279
13.5    192
14.5    173
15.5    125
16.5    102
17.5    63
18.5    71
19.5    41
20.5    31
21.5    20
22.5    7
23.5    11
24.5    8
25.5    3
26.5    3
27.5    1
28.5    2
29.5    1
30.5    0
