-38.5    3
-37.5    5
-36.5    11
-35.5    13
-34.5    16
-33.5    34
-32.5    42
-31.5    67
-30.5    96
-29.5    110
-28.5    165
-27.5    232
-26.5    310
-25.5    357
-24.5    480
-23.5    539
-22.5    655
-21.5    775
-20.5    895
-19.5    1063
-18.5    1120
-17.5    1139
-16.5    1172
-15.5    1287
-14.5    1264
-13.5    1321
-12.5    1269
-11.5    1307
-10.5    1249
-9.5    1156
-8.5    1042
-7.5    954
-6.5    909
-5.5    855
-4.5    784
-3.5    733
-2.5    727
-1.5    708
-0.5    703
0.5    615
1.5    607
2.5    579
3.5    574
4.5    565
5.5    508
6.5    439
7.5    460
8.5    401
9.5    368
10.5    319
11.5    299
12.5    222
13.5    194
14.5    156
15.5    122
16.5    73
17.5    83
18.5    45
19.5    34
20.5    26
21.5    19
22.5    8
23.5    5
24.5    7
25.5    4
26.5    3
27.5    1
28.5    1
29.5    1
30.5    0
