-38.5    0
-37.5    0
-36.5    2
-35.5    1
-34.5    3
-33.5    5
-32.5    4
-31.5    4
-30.5    0
-29.5    4
-28.5    5
-27.5    8
-26.5    6
-25.5    9
-24.5    8
-23.5    14
-22.5    17
-21.5    20
-20.5    29
-19.5    45
-18.5    74
-17.5    79
-16.5    99
-15.5    170
-14.5    236
-13.5    270
-12.5    336
-11.5    447
-10.5    565
-9.5    671
-8.5    761
-7.5    1004
-6.5    1136
-5.5    1260
-4.5    1431
-3.5    1561
-2.5    1632
-1.5    1725
-0.5    1766
0.5    1709
1.5    1749
2.5    1621
3.5    1574
4.5    1428
5.5    1333
6.5    1215
7.5    998
8.5    850
9.5    704
10.5    551
11.5    473
12.5    354
13.5    276
14.5    208
15.5    148
16.5    125
17.5    95
18.5    63
19.5    36
20.5    20
21.5    15
22.5    12
23.5    10
24.5    6
25.5    3
26.5    5
27.5    3
28.5    1
29.5    1
30.5    1
