-38.5    5
-37.5    9
-36.5    12
-35.5    12
-34.5    25
-33.5    33
-32.5    63
-31.5    66
-30.5    85
-29.5    137
-28.5    187
-27.5    251
-26.5    339
-25.5    401
-24.5    515
-23.5    657
-22.5    780
-21.5    909
-20.5    1071
-19.5    1214
-18.5    1364
-17.5    1516
-16.5    1545
-15.5    1650
-14.5    1761
-13.5    1751
-12.5    1714
-11.5    1795
-10.5    1676
-9.5    1519
-8.5    1380
-7.5    1310
-6.5    1125
-5.5    927
-4.5    805
-3.5    681
-2.5    520
-1.5    434
-0.5    372
0.5    284
1.5    225
2.5    154
3.5    146
4.5    108
5.5    77
6.5    74
7.5    60
8.5    58
9.5    47
10.5    28
11.5    23
12.5    23
13.5    28
14.5    18
15.5    14
16.5    8
17.5    13
18.5    3
19.5    2
20.5    3
21.5    6
22.5    3
23.5    2
24.5    1
25.5    1
26.5    2
27.5    1
28.5    1
29.5    0
30.5    0
