-38.5    7
-37.5    5
-36.5    13
-35.5    15
-34.5    22
-33.5    39
-32.5    67
-31.5    79
-30.5    135
-29.5    139
-28.5    201
-27.5    256
-26.5    334
-25.5    456
-24.5    545
-23.5    700
-22.5    795
-21.5    974
-20.5    1081
-19.5    1209
-18.5    1323
-17.5    1584
-16.5    1696
-15.5    1623
-14.5    1741
-13.5    1841
-12.5    1708
-11.5    1693
-10.5    1620
-9.5    1552
-8.5    1483
-7.5    1260
-6.5    1101
-5.5    934
-4.5    766
-3.5    709
-2.5    518
-1.5    406
-0.5    343
0.5    268
1.5    185
2.5    166
3.5    118
4.5    87
5.5    52
6.5    39
7.5    29
8.5    22
9.5    20
10.5    18
11.5    10
12.5    8
13.5    13
14.5    5
15.5    7
16.5    2
17.5    2
18.5    3
19.5    1
20.5    5
21.5    3
22.5    0
23.5    4
24.5    1
25.5    3
26.5    1
27.5    0
28.5    2
29.5    1
30.5    0
