-38.5    8
-37.5    4
-36.5    10
-35.5    21
-34.5    23
-33.5    28
-32.5    49
-31.5    65
-30.5    108
-29.5    148
-28.5    203
-27.5    270
-26.5    335
-25.5    409
-24.5    551
-23.5    660
-22.5    781
-21.5    959
-20.5    1109
-19.5    1161
-18.5    1321
-17.5    1521
-16.5    1506
-15.5    1631
-14.5    1724
-13.5    1821
-12.5    1726
-11.5    1702
-10.5    1600
-9.5    1484
-8.5    1284
-7.5    1209
-6.5    1059
-5.5    897
-4.5    819
-3.5    639
-2.5    510
-1.5    448
-0.5    368
0.5    303
1.5    252
2.5    186
3.5    173
4.5    130
5.5    126
6.5    97
7.5    94
8.5    79
9.5    88
10.5    62
11.5    47
12.5    35
13.5    23
14.5    25
15.5    30
16.5    21
17.5    16
18.5    16
19.5    8
20.5    3
21.5    5
22.5    3
23.5    0
24.5    0
25.5    2
26.5    0
27.5    1
28.5    0
29.5    0
30.5    0
