-38.5    3
-37.5    4
-36.5    2
-35.5    5
-34.5    7
-33.5    6
-32.5    12
-31.5    17
-30.5    15
-29.5    27
-28.5    42
-27.5    67
-26.5    80
-25.5    81
-24.5    93
-23.5    133
-22.5    123
-21.5    147
-20.5    150
-19.5    185
-18.5    207
-17.5    266
-16.5    270
-15.5    271
-14.5    365
-13.5    356
-12.5    448
-11.5    558
-10.5    621
-9.5    714
-8.5    852
-7.5    935
-6.5    1048
-5.5    1242
-4.5    1382
-3.5    1488
-2.5    1491
-1.5    1488
-0.5    1652
0.5    1617
1.5    1630
2.5    1590
3.5    1447
4.5    1344
5.5    1175
6.5    1106
7.5    967
8.5    788
9.5    733
10.5    586
11.5    487
12.5    382
13.5    294
14.5    232
15.5    130
16.5    111
17.5    86
18.5    70
19.5    35
20.5    28
21.5    22
22.5    9
23.5    8
24.5    6
25.5    3
26.5    5
27.5    0
28.5    1
29.5    0
30.5    1
