-38.5    2
-37.5    1
-36.5    6
-35.5    12
-34.5    6
-33.5    15
-32.5    33
-31.5    32
-30.5    32
-29.5    62
-28.5    69
-27.5    87
-26.5    110
-25.5    147
-24.5    164
-23.5    182
-22.5    221
-21.5    255
-20.5    304
-19.5    322
-18.5    339
-17.5    403
-16.5    407
-15.5    499
-14.5    480
-13.5    534
-12.5    568
-11.5    558
-10.5    653
-9.5    725
-8.5    827
-7.5    942
-6.5    990
-5.5    1143
-4.5    1232
-3.5    1375
-2.5    1364
-1.5    1455
-0.5    1550
0.5    1488
1.5    1527
2.5    1450
3.5    1345
4.5    1340
5.5    1187
6.5    1159
7.5    908
8.5    787
9.5    642
10.5    544
11.5    433
12.5    390
13.5    256
14.5    195
15.5    161
16.5    116
17.5    100
18.5    60
19.5    41
20.5    33
21.5    26
22.5    11
23.5    12
24.5    6
25.5    2
26.5    3
27.5    0
28.5    1
29.5    0
30.5    0
