-38.5    2
-37.5    5
-36.5    5
-35.5    12
-34.5    25
-33.5    27
-32.5    46
-31.5    60
-30.5    79
-29.5    118
-28.5    147
-27.5    176
-26.5    231
-25.5    290
-24.5    373
-23.5    412
-22.5    504
-21.5    573
-20.5    630
-19.5    715
-18.5    801
-17.5    770
-16.5    877
-15.5    896
-14.5    887
-13.5    906
-12.5    923
-11.5    919
-10.5    908
-9.5    860
-8.5    854
-7.5    808
-6.5    847
-5.5    853
-4.5    929
-3.5    904
-2.5    959
-1.5    1019
-0.5    1004
0.5    1042
1.5    1001
2.5    972
3.5    971
4.5    912
5.5    945
6.5    847
7.5    701
8.5    600
9.5    583
10.5    444
11.5    376
12.5    344
13.5    250
14.5    216
15.5    136
16.5    128
17.5    100
18.5    57
19.5    49
20.5    33
21.5    31
22.5    14
23.5    10
24.5    7
25.5    4
26.5    1
27.5    1
28.5    2
29.5    3
30.5    0
