-38.5    0
-37.5    2
-36.5    1
-35.5    0
-34.5    0
-33.5    0
-32.5    1
-31.5    1
-30.5    0
-29.5    2
-28.5    0
-27.5    3
-26.5    7
-25.5    5
-24.5    9
-23.5    14
-22.5    28
-21.5    37
-20.5    51
-19.5    70
-18.5    74
-17.5    109
-16.5    148
-15.5    198
-14.5    244
-13.5    363
-12.5    443
-11.5    522
-10.5    648
-9.5    773
-8.5    869
-7.5    995
-6.5    1127
-5.5    1239
-4.5    1385
-3.5    1469
-2.5    1622
-1.5    1662
-0.5    1658
0.5    1704
1.5    1709
2.5    1634
3.5    1552
4.5    1404
5.5    1336
6.5    1132
7.5    1031
8.5    882
9.5    774
10.5    637
11.5    596
12.5    458
13.5    342
14.5    264
15.5    234
16.5    152
17.5    118
18.5    100
19.5    56
20.5    44
21.5    31
22.5    32
23.5    22
24.5    11
25.5    9
26.5    4
27.5    5
28.5    2
29.5    0
30.5    3
