-38.5    0
-37.5    0
-36.5    0
-35.5    1
-34.5    2
-33.5    0
-32.5    1
-31.5    1
-30.5    1
-29.5    0
-28.5    1
-27.5    3
-26.5    5
-25.5    4
-24.5    5
-23.5    20
-22.5    21
-21.5    24
-20.5    36
-19.5    61
-18.5    77
-17.5    141
-16.5    125
-15.5    198
-14.5    278
-13.5    342
-12.5    439
-11.5    516
-10.5    617
-9.5    750
-8.5    880
-7.5    1025
-6.5    1156
-5.5    1206
-4.5    1404
-3.5    1528
-2.5    1598
-1.5    1651
-0.5    1669
0.5    1689
1.5    1653
2.5    1612
3.5    1506
4.5    1386
5.5    1348
6.5    1225
7.5    1034
8.5    886
9.5    757
10.5    675
11.5    519
12.5    417
13.5    362
14.5    266
15.5    224
16.5    166
17.5    126
18.5    83
19.5    66
20.5    44
21.5    35
22.5    27
23.5    13
24.5    12
25.5    4
26.5    3
27.5    3
28.5    2
29.5    1
30.5    0
