-38.5    0
-37.5    0
-36.5    0
-35.5    0
-34.5    0
-33.5    0
-32.5    2
-31.5    0
-30.5    2
-29.5    1
-28.5    1
-27.5    5
-26.5    2
-25.5    7
-24.5    13
-23.5    10
-22.5    17
-21.5    21
-20.5    55
-19.5    48
-18.5    72
-17.5    101
-16.5    164
-15.5    213
-14.5    270
-13.5    304
-12.5    449
-11.5    523
-10.5    656
-9.5    760
-8.5    826
-7.5    1047
-6.5    1164
-5.5    1242
-4.5    1373
-3.5    1502
-2.5    1613
-1.5    1638
-0.5    1722
0.5    1729
1.5    1666
2.5    1637
3.5    1547
4.5    1421
5.5    1359
6.5    1139
7.5    1061
8.5    922
9.5    791
10.5    648
11.5    551
12.5    452
13.5    357
14.5    272
15.5    227
16.5    172
17.5    107
18.5    75
19.5    71
20.5    52
21.5    31
22.5    26
23.5    14
24.5    12
25.5    5
26.5    8
27.5    1
28.5    3
29.5    2
30.5    2
