-38.5    0
-37.5    0
-36.5    1
-35.5    0
-34.5    1
-33.5    0
-32.5    1
-31.5    0
-30.5    1
-29.5    1
-28.5    1
-27.5    1
-26.5    1
-25.5    4
-24.5    9
-23.5    10
-22.5    20
-21.5    27
-20.5    42
-19.5    74
-18.5    93
-17.5    130
-16.5    170
-15.5    201
-14.5    264
-13.5    324
-12.5    400
-11.5    561
-10.5    604
-9.5    731
-8.5    867
-7.5    1000
-6.5    1142
-5.5    1297
-4.5    1411
-3.5    1524
-2.5    1608
-1.5    1679
-0.5    1769
0.5    1672
1.5    1642
2.5    1636
3.5    1526
4.5    1471
5.5    1350
6.5    1149
7.5    1044
8.5    842
9.5    761
10.5    639
11.5    550
12.5    443
13.5    372
14.5    267
15.5    221
16.5    148
17.5    110
18.5    86
19.5    69
20.5    52
21.5    19
22.5    21
23.5    21
24.5    7
25.5    9
26.5    3
27.5    2
28.5    0
29.5    2
30.5    1
