-38.5    1
-37.5    0
-36.5    0
-35.5    0
-34.5    2
-33.5    0
-32.5    0
-31.5    1
-30.5    1
-29.5    1
-28.5    5
-27.5    3
-26.5    0
-25.5    7
-24.5    5
-23.5    10
-22.5    18
-21.5    21
-20.5    47
-19.5    51
-18.5    86
-17.5    98
-16.5    128
-15.5    205
-14.5    279
-13.5    345
-12.5    424
-11.5    523
-10.5    652
-9.5    800
-8.5    872
-7.5    1011
-6.5    1149
-5.5    1276
-4.5    1394
-3.5    1549
-2.5    1604
-1.5    1656
-0.5    1653
0.5    1661
1.5    1740
2.5    1625
3.5    1497
4.5    1350
5.5    1347
6.5    1181
7.5    1080
8.5    908
9.5    753
10.5    649
11.5    521
12.5    435
13.5    383
14.5    290
15.5    208
16.5    166
17.5    94
18.5    95
19.5    49
20.5    52
21.5    38
22.5    28
23.5    22
24.5    12
25.5    11
26.5    6
27.5    3
28.5    1
29.5    3
30.5    2
