-38.5    0
-37.5    0
-36.5    0
-35.5    0
-34.5    0
-33.5    2
-32.5    1
-31.5    1
-30.5    1
-29.5    0
-28.5    2
-27.5    3
-26.5    2
-25.5    5
-24.5    9
-23.5    11
-22.5    10
-21.5    29
-20.5    39
-19.5    55
-18.5    91
-17.5    113
-16.5    126
-15.5    200
-14.5    272
-13.5    341
-12.5    427
-11.5    517
-10.5    626
-9.5    769
-8.5    872
-7.5    1036
-6.5    1175
-5.5    1330
-4.5    1451
-3.5    1528
-2.5    1574
-1.5    1547
-0.5    1677
0.5    1712
1.5    1663
2.5    1605
3.5    1535
4.5    1391
5.5    1322
6.5    1153
7.5    1037
8.5    862
9.5    787
10.5    590
11.5    534
12.5    453
13.5    373
14.5    290
15.5    215
16.5    147
17.5    125
18.5    112
19.5    66
20.5    47
21.5    37
22.5    32
23.5    21
24.5    9
25.5    9
26.5    4
27.5    1
28.5    3
29.5    1
30.5    1
