-38.5    1
-37.5    0
-36.5    0
-35.5    1
-34.5    2
-33.5    0
-32.5    2
-31.5    0
-30.5    1
-29.5    1
-28.5    3
-27.5    2
-26.5    5
-25.5    4
-24.5    11
-23.5    21
-22.5    19
-21.5    24
-20.5    39
-19.5    62
-18.5    85
-17.5    137
-16.5    141
-15.5    192
-14.5    271
-13.5    350
-12.5    446
-11.5    531
-10.5    604
-9.5    715
-8.5    925
-7.5    1068
-6.5    1104
-5.5    1272
-4.5    1399
-3.5    1470
-2.5    1623
-1.5    1667
-0.5    1689
0.5    1678
1.5    1693
2.5    1596
3.5    1486
4.5    1435
5.5    1288
6.5    1242
7.5    1049
8.5    892
9.5    754
10.5    705
11.5    563
12.5    447
13.5    356
14.5    288
15.5    213
16.5    171
17.5    123
18.5    88
19.5    61
20.5    52
21.5    32
22.5    19
23.5    13
24.5    11
25.5    8
26.5    3
27.5    2
28.5    2
29.5    0
30.5    0
