-38.5    2
-37.5    5
-36.5    2
-35.5    10
-34.5    9
-33.5    13
-32.5    23
-31.5    32
-30.5    31
-29.5    43
-28.5    68
-27.5    81
-26.5    112
-25.5    133
-24.5    164
-23.5    170
-22.5    224
-21.5    273
-20.5    301
-19.5    348
-18.5    380
-17.5    439
-16.5    466
-15.5    542
-14.5    606
-13.5    647
-12.5    746
-11.5    799
-10.5    813
-9.5    900
-8.5    971
-7.5    1090
-6.5    1125
-5.5    1206
-4.5    1289
-3.5    1249
-2.5    1348
-1.5    1354
-0.5    1350
0.5    1429
1.5    1249
2.5    1254
3.5    1230
4.5    1144
5.5    1031
6.5    860
7.5    775
8.5    667
9.5    634
10.5    496
11.5    389
12.5    316
13.5    266
14.5    216
15.5    169
16.5    134
17.5    96
18.5    65
19.5    46
20.5    44
21.5    23
22.5    18
23.5    18
24.5    11
25.5    6
26.5    4
27.5    3
28.5    6
29.5    1
30.5    0
