-38.5    0
-37.5    0
-36.5    0
-35.5    1
-34.5    1
-33.5    1
-32.5    5
-31.5    4
-30.5    7
-29.5    4
-28.5    10
-27.5    9
-26.5    14
-25.5    20
-24.5    35
-23.5    26
-22.5    39
-21.5    58
-20.5    85
-19.5    79
-18.5    114
-17.5    156
-16.5    197
-15.5    254
-14.5    284
-13.5    355
-12.5    457
-11.5    555
-10.5    698
-9.5    781
-8.5    895
-7.5    1090
-6.5    1094
-5.5    1302
-4.5    1350
-3.5    1446
-2.5    1520
-1.5    1620
-0.5    1670
0.5    1663
1.5    1553
2.5    1561
3.5    1505
4.5    1394
5.5    1281
6.5    1153
7.5    972
8.5    977
9.5    750
10.5    628
11.5    525
12.5    390
13.5    317
14.5    259
15.5    221
16.5    159
17.5    106
18.5    101
19.5    62
20.5    38
21.5    29
22.5    19
23.5    19
24.5    12
25.5    9
26.5    4
27.5    0
28.5    0
29.5    0
30.5    1
