-38.5    0
-37.5    0
-36.5    0
-35.5    0
-34.5    0
-33.5    0
-32.5    1
-31.5    1
-30.5    2
-29.5    1
-28.5    1
-27.5    2
-26.5    4
-25.5    6
-24.5    12
-23.5    17
-22.5    22
-21.5    32
-20.5    53
-19.5    61
-18.5    90
-17.5    122
-16.5    170
-15.5    199
-14.5    268
-13.5    337
-12.5    415
-11.5    514
-10.5    597
-9.5    758
-8.5    930
-7.5    1028
-6.5    1142
-5.5    1271
-4.5    1450
-3.5    1568
-2.5    1571
-1.5    1627
-0.5    1665
0.5    1696
1.5    1707
2.5    1577
3.5    1526
4.5    1405
5.5    1374
6.5    1196
7.5    1017
8.5    924
9.5    740
10.5    661
11.5    532
12.5    428
13.5    362
14.5    242
15.5    205
16.5    163
17.5    116
18.5    98
19.5    65
20.5    42
21.5    38
22.5    22
23.5    14
24.5    10
25.5    8
26.5    3
27.5    2
28.5    4
29.5    2
30.5    1
