-38.5    0
-37.5    0
-36.5    0
-35.5    0
-34.5    2
-33.5    0
-32.5    0
-31.5    1
-30.5    2
-29.5    1
-28.5    2
-27.5    4
-26.5    3
-25.5    5
-24.5    10
-23.5    17
-22.5    22
-21.5    31
-20.5    38
-19.5    68
-18.5    85
-17.5    111
-16.5    150
-15.5    174
-14.5    243
-13.5    341
-12.5    433
-11.5    492
-10.5    646
-9.5    791
-8.5    878
-7.5    998
-6.5    1110
-5.5    1271
-4.5    1452
-3.5    1567
-2.5    1564
-1.5    1630
-0.5    1679
0.5    1651
1.5    1688
2.5    1593
3.5    1567
4.5    1407
5.5    1370
6.5    1164
7.5    1014
8.5    899
9.5    729
10.5    657
11.5    520
12.5    431
13.5    357
14.5    256
15.5    200
16.5    146
17.5    125
18.5    86
19.5    78
20.5    41
21.5    35
22.5    23
23.5    16
24.5    9
25.5    10
26.5    2
27.5    3
28.5    3
29.5    3
30.5    0
