-38.5    0
-37.5    0
-36.5    0
-35.5    0
-34.5    0
-33.5    1
-32.5    1
-31.5    0
-30.5    3
-29.5    2
-28.5    3
-27.5    0
-26.5    5
-25.5    5
-24.5    11
-23.5    14
-22.5    15
-21.5    26
-20.5    38
-19.5    68
-18.5    73
-17.5    101
-16.5    148
-15.5    216
-14.5    265
-13.5    360
-12.5    427
-11.5    521
-10.5    592
-9.5    761
-8.5    840
-7.5    1039
-6.5    1057
-5.5    1256
-4.5    1389
-3.5    1578
-2.5    1535
-1.5    1589
-0.5    1744
0.5    1718
1.5    1624
2.5    1620
3.5    1543
4.5    1463
5.5    1251
6.5    1232
7.5    1035
8.5    917
9.5    786
10.5    663
11.5    531
12.5    425
13.5    344
14.5    284
15.5    216
16.5    166
17.5    120
18.5    107
19.5    67
20.5    50
21.5    28
22.5    17
23.5    15
24.5    18
25.5    9
26.5    7
27.5    2
28.5    1
29.5    1
30.5    1
