-38.5    0
-37.5    2
-36.5    0
-35.5    0
-34.5    0
-33.5    0
-32.5    2
-31.5    0
-30.5    0
-29.5    0
-28.5    1
-27.5    3
-26.5    4
-25.5    5
-24.5    8
-23.5    14
-22.5    28
-21.5    36
-20.5    56
-19.5    56
-18.5    91
-17.5    124
-16.5    170
-15.5    208
-14.5    271
-13.5    336
-12.5    410
-11.5    521
-10.5    620
-9.5    771
-8.5    889
-7.5    1026
-6.5    1193
-5.5    1302
-4.5    1439
-3.5    1504
-2.5    1526
-1.5    1689
-0.5    1642
0.5    1751
1.5    1588
2.5    1550
3.5    1503
4.5    1442
5.5    1360
6.5    1186
7.5    1050
8.5    915
9.5    783
10.5    674
11.5    566
12.5    450
13.5    376
14.5    249
15.5    208
16.5    170
17.5    123
18.5    89
19.5    58
20.5    48
21.5    38
22.5    28
23.5    10
24.5    12
25.5    5
26.5    3
27.5    4
28.5    5
29.5    2
30.5    1
