-38.5    0
-37.5    0
-36.5    0
-35.5    0
-34.5    0
-33.5    0
-32.5    0
-31.5    1
-30.5    0
-29.5    0
-28.5    1
-27.5    2
-26.5    2
-25.5    6
-24.5    4
-23.5    18
-22.5    16
-21.5    18
-20.5    46
-19.5    56
-18.5    75
-17.5    108
-16.5    130
-15.5    198
-14.5    260
-13.5    346
-12.5    450
-11.5    532
-10.5    600
-9.5    773
-8.5    934
-7.5    1079
-6.5    1095
-5.5    1295
-4.5    1454
-3.5    1584
-2.5    1513
-1.5    1684
-0.5    1639
0.5    1701
1.5    1751
2.5    1540
3.5    1540
4.5    1476
5.5    1337
6.5    1188
7.5    1071
8.5    928
9.5    741
10.5    650
11.5    537
12.5    452
13.5    329
14.5    282
15.5    210
16.5    154
17.5    126
18.5    90
19.5    62
20.5    37
21.5    39
22.5    29
23.5    10
24.5    6
25.5    5
26.5    4
27.5    1
28.5    3
29.5    3
30.5    1
