-38.5    2
-37.5    5
-36.5    2
-35.5    10
-34.5    7
-33.5    10
-32.5    14
-31.5    15
-30.5    23
-29.5    29
-28.5    47
-27.5    47
-26.5    74
-25.5    89
-24.5    103
-23.5    120
-22.5    150
-21.5    181
-20.5    199
-19.5    230
-18.5    270
-17.5    347
-16.5    355
-15.5    428
-14.5    476
-13.5    518
-12.5    638
-11.5    680
-10.5    761
-9.5    824
-8.5    904
-7.5    1057
-6.5    1105
-5.5    1246
-4.5    1313
-3.5    1409
-2.5    1409
-1.5    1434
-0.5    1455
0.5    1454
1.5    1414
2.5    1341
3.5    1312
4.5    1213
5.5    1111
6.5    953
7.5    890
8.5    761
9.5    665
10.5    573
11.5    440
12.5    383
13.5    282
14.5    239
15.5    179
16.5    149
17.5    109
18.5    80
19.5    59
20.5    36
21.5    18
22.5    19
23.5    17
24.5    11
25.5    7
26.5    6
27.5    3
28.5    4
29.5    3
30.5    0
