-38.5    14
-37.5    17
-36.5    21
-35.5    22
-34.5    41
-33.5    70
-32.5    96
-31.5    95
-30.5    133
-29.5    210
-28.5    238
-27.5    334
-26.5    452
-25.5    507
-24.5    640
-23.5    728
-22.5    856
-21.5    976
-20.5    1183
-19.5    1291
-18.5    1403
-17.5    1540
-16.5    1684
-15.5    1700
-14.5    1799
-13.5    1819
-12.5    1824
-11.5    1769
-10.5    1862
-9.5    1721
-8.5    1778
-7.5    1645
-6.5    1640
-5.5    1591
-4.5    1461
-3.5    1360
-2.5    1360
-1.5    1194
-0.5    1192
0.5    1104
1.5    1067
2.5    947
3.5    934
4.5    869
5.5    784
6.5    627
7.5    578
8.5    512
9.5    397
10.5    353
11.5    258
12.5    261
13.5    194
14.5    155
15.5    95
16.5    83
17.5    66
18.5    41
19.5    31
20.5    22
21.5    15
22.5    10
23.5    10
24.5    4
25.5    5
26.5    1
27.5    2
28.5    2
29.5    1
30.5    1
