-38.5    1
-37.5    1
-36.5    1
-35.5    0
-34.5    0
-33.5    1
-32.5    0
-31.5    1
-30.5    2
-29.5    5
-28.5    4
-27.5    4
-26.5    7
-25.5    10
-24.5    9
-23.5    24
-22.5    24
-21.5    39
-20.5    45
-19.5    70
-18.5    85
-17.5    119
-16.5    137
-15.5    189
-14.5    259
-13.5    348
-12.5    444
-11.5    533
-10.5    656
-9.5    725
-8.5    899
-7.5    991
-6.5    1228
-5.5    1271
-4.5    1395
-3.5    1487
-2.5    1529
-1.5    1643
-0.5    1626
0.5    1659
1.5    1681
2.5    1550
3.5    1606
4.5    1378
5.5    1273
6.5    1119
7.5    1018
8.5    891
9.5    766
10.5    633
11.5    593
12.5    424
13.5    363
14.5    262
15.5    220
16.5    134
17.5    111
18.5    98
19.5    58
20.5    43
21.5    35
22.5    35
23.5    21
24.5    10
25.5    9
26.5    4
27.5    5
28.5    2
29.5    1
30.5    2
