-38.5    9
-37.5    5
-36.5    8
-35.5    9
-34.5    23
-33.5    35
-32.5    50
-31.5    43
-30.5    77
-29.5    107
-28.5    124
-27.5    157
-26.5    203
-25.5    248
-24.5    326
-23.5    359
-22.5    413
-21.5    470
-20.5    550
-19.5    663
-18.5    684
-17.5    792
-16.5    866
-15.5    850
-14.5    995
-13.5    998
-12.5    937
-11.5    961
-10.5    1042
-9.5    1109
-8.5    1121
-7.5    1057
-6.5    1127
-5.5    1100
-4.5    1065
-3.5    1096
-2.5    1139
-1.5    994
-0.5    1055
0.5    989
1.5    976
2.5    946
3.5    876
4.5    831
5.5    729
6.5    622
7.5    577
8.5    524
9.5    398
10.5    362
11.5    285
12.5    242
13.5    188
14.5    140
15.5    98
16.5    75
17.5    55
18.5    34
19.5    40
20.5    25
21.5    14
22.5    8
23.5    12
24.5    4
25.5    7
26.5    1
27.5    2
28.5    1
29.5    0
30.5    2
