-38.5    3
-37.5    2
-36.5    5
-35.5    5
-34.5    3
-33.5    9
-32.5    5
-31.5    7
-30.5    14
-29.5    19
-28.5    21
-27.5    38
-26.5    50
-25.5    52
-24.5    62
-23.5    86
-22.5    111
-21.5    128
-20.5    155
-19.5    155
-18.5    226
-17.5    273
-16.5    298
-15.5    309
-14.5    384
-13.5    468
-12.5    556
-11.5    654
-10.5    726
-9.5    832
-8.5    867
-7.5    1005
-6.5    1135
-5.5    1251
-4.5    1322
-3.5    1445
-2.5    1445
-1.5    1494
-0.5    1558
0.5    1457
1.5    1496
2.5    1471
3.5    1375
4.5    1276
5.5    1227
6.5    1023
7.5    1003
8.5    849
9.5    676
10.5    586
11.5    474
12.5    414
13.5    279
14.5    243
15.5    180
16.5    134
17.5    100
18.5    88
19.5    61
20.5    39
21.5    20
22.5    23
23.5    19
24.5    12
25.5    8
26.5    9
27.5    2
28.5    1
29.5    3
30.5    0
