-38.5    2
-37.5    1
-36.5    0
-35.5    1
-34.5    0
-33.5    0
-32.5    0
-31.5    0
-30.5    0
-29.5    2
-28.5    5
-27.5    1
-26.5    5
-25.5    9
-24.5    7
-23.5    13
-22.5    26
-21.5    31
-20.5    44
-19.5    56
-18.5    93
-17.5    110
-16.5    140
-15.5    233
-14.5    238
-13.5    338
-12.5    389
-11.5    535
-10.5    640
-9.5    779
-8.5    934
-7.5    987
-6.5    1153
-5.5    1275
-4.5    1359
-3.5    1481
-2.5    1599
-1.5    1681
-0.5    1717
0.5    1746
1.5    1645
2.5    1562
3.5    1508
4.5    1424
5.5    1292
6.5    1165
7.5    1061
8.5    934
9.5    743
10.5    657
11.5    529
12.5    445
13.5    351
14.5    278
15.5    209
16.5    156
17.5    125
18.5    90
19.5    66
20.5    52
21.5    31
22.5    23
23.5    14
24.5    14
25.5    8
26.5    7
27.5    3
28.5    4
29.5    1
30.5    2
