-38.5    0
-37.5    0
-36.5    2
-35.5    1
-34.5    2
-33.5    0
-32.5    0
-31.5    0
-30.5    0
-29.5    0
-28.5    2
-27.5    3
-26.5    2
-25.5    4
-24.5    11
-23.5    16
-22.5    22
-21.5    29
-20.5    48
-19.5    63
-18.5    91
-17.5    131
-16.5    169
-15.5    204
-14.5    260
-13.5    350
-12.5    408
-11.5    526
-10.5    623
-9.5    756
-8.5    838
-7.5    992
-6.5    1158
-5.5    1283
-4.5    1472
-3.5    1516
-2.5    1544
-1.5    1696
-0.5    1759
0.5    1689
1.5    1610
2.5    1641
3.5    1478
4.5    1516
5.5    1339
6.5    1178
7.5    1080
8.5    837
9.5    762
10.5    626
11.5    558
12.5    427
13.5    371
14.5    256
15.5    209
16.5    142
17.5    109
18.5    79
19.5    57
20.5    48
21.5    33
22.5    26
23.5    21
24.5    9
25.5    9
26.5    2
27.5    4
28.5    0
29.5    1
30.5    1
