-38.5    0
-37.5    0
-36.5    0
-35.5    0
-34.5    0
-33.5    0
-32.5    3
-31.5    0
-30.5    3
-29.5    1
-28.5    3
-27.5    0
-26.5    0
-25.5    8
-24.5    9
-23.5    14
-22.5    19
-21.5    21
-20.5    34
-19.5    59
-18.5    84
-17.5    112
-16.5    129
-15.5    191
-14.5    256
-13.5    312
-12.5    437
-11.5    517
-10.5    652
-9.5    769
-8.5    852
-7.5    982
-6.5    1160
-5.5    1315
-4.5    1417
-3.5    1490
-2.5    1639
-1.5    1645
-0.5    1633
0.5    1724
1.5    1739
2.5    1660
3.5    1486
4.5    1386
5.5    1269
6.5    1220
7.5    1092
8.5    856
9.5    736
10.5    640
11.5    520
12.5    441
13.5    353
14.5    284
15.5    204
16.5    183
17.5    99
18.5    94
19.5    45
20.5    49
21.5    34
22.5    24
23.5    16
24.5    14
25.5    4
26.5    5
27.5    4
28.5    2
29.5    3
30.5    0
