-38.5    0
-37.5    0
-36.5    0
-35.5    0
-34.5    0
-33.5    1
-32.5    4
-31.5    1
-30.5    2
-29.5    0
-28.5    2
-27.5    1
-26.5    2
-25.5    6
-24.5    11
-23.5    9
-22.5    15
-21.5    24
-20.5    33
-19.5    48
-18.5    86
-17.5    121
-16.5    130
-15.5    180
-14.5    274
-13.5    320
-12.5    402
-11.5    502
-10.5    642
-9.5    754
-8.5    858
-7.5    1019
-6.5    1176
-5.5    1346
-4.5    1443
-3.5    1502
-2.5    1628
-1.5    1573
-0.5    1654
0.5    1761
1.5    1677
2.5    1622
3.5    1545
4.5    1436
5.5    1308
6.5    1191
7.5    1077
8.5    850
9.5    766
10.5    624
11.5    536
12.5    438
13.5    333
14.5    294
15.5    211
16.5    165
17.5    107
18.5    100
19.5    53
20.5    48
21.5    38
22.5    22
23.5    16
24.5    10
25.5    7
26.5    4
27.5    4
28.5    4
29.5    1
30.5    0
