-38.5    0
-37.5    1
-36.5    0
-35.5    0
-34.5    2
-33.5    1
-32.5    0
-31.5    0
-30.5    0
-29.5    1
-28.5    4
-27.5    2
-26.5    5
-25.5    3
-24.5    11
-23.5    4
-22.5    16
-21.5    25
-20.5    49
-19.5    61
-18.5    82
-17.5    104
-16.5    175
-15.5    191
-14.5    263
-13.5    322
-12.5    398
-11.5    518
-10.5    590
-9.5    767
-8.5    867
-7.5    1000
-6.5    1163
-5.5    1330
-4.5    1401
-3.5    1540
-2.5    1589
-1.5    1621
-0.5    1691
0.5    1668
1.5    1612
2.5    1591
3.5    1539
4.5    1487
5.5    1329
6.5    1221
7.5    1027
8.5    891
9.5    762
10.5    675
11.5    509
12.5    398
13.5    351
14.5    277
15.5    235
16.5    189
17.5    109
18.5    82
19.5    61
20.5    36
21.5    42
22.5    19
23.5    13
24.5    7
25.5    10
26.5    4
27.5    5
28.5    5
29.5    2
30.5    1
