-38.5    0
-37.5    0
-36.5    0
-35.5    0
-34.5    0
-33.5    0
-32.5    1
-31.5    0
-30.5    1
-29.5    1
-28.5    1
-27.5    2
-26.5    2
-25.5    6
-24.5    7
-23.5    15
-22.5    15
-21.5    18
-20.5    44
-19.5    70
-18.5    76
-17.5    116
-16.5    157
-15.5    211
-14.5    261
-13.5    335
-12.5    425
-11.5    547
-10.5    600
-9.5    737
-8.5    934
-7.5    1097
-6.5    1076
-5.5    1276
-4.5    1420
-3.5    1519
-2.5    1582
-1.5    1668
-0.5    1664
0.5    1692
1.5    1699
2.5    1584
3.5    1509
4.5    1462
5.5    1367
6.5    1160
7.5    1083
8.5    898
9.5    728
10.5    647
11.5    568
12.5    441
13.5    361
14.5    272
15.5    220
16.5    161
17.5    126
18.5    87
19.5    67
20.5    46
21.5    27
22.5    23
23.5    13
24.5    8
25.5    6
26.5    3
27.5    1
28.5    1
29.5    2
30.5    1
