-38.5    1
-37.5    0
-36.5    0
-35.5    0
-34.5    0
-33.5    1
-32.5    0
-31.5    0
-30.5    1
-29.5    1
-28.5    4
-27.5    3
-26.5    2
-25.5    5
-24.5    7
-23.5    13
-22.5    17
-21.5    34
-20.5    43
-19.5    58
-18.5    91
-17.5    98
-16.5    125
-15.5    209
-14.5    249
-13.5    351
-12.5    430
-11.5    514
-10.5    633
-9.5    776
-8.5    908
-7.5    1009
-6.5    1133
-5.5    1312
-4.5    1414
-3.5    1490
-2.5    1604
-1.5    1628
-0.5    1708
0.5    1666
1.5    1704
2.5    1562
3.5    1500
4.5    1402
5.5    1308
6.5    1169
7.5    1021
8.5    911
9.5    783
10.5    602
11.5    529
12.5    435
13.5    391
14.5    278
15.5    210
16.5    157
17.5    138
18.5    104
19.5    73
20.5    46
21.5    32
22.5    29
23.5    13
24.5    13
25.5    6
26.5    4
27.5    1
28.5    2
29.5    1
30.5    2
