-38.5    6
-37.5    4
-36.5    6
-35.5    10
-34.5    17
-33.5    20
-32.5    33
-31.5    44
-30.5    61
-29.5    67
-28.5    91
-27.5    129
-26.5    159
-25.5    190
-24.5    239
-23.5    247
-22.5    322
-21.5    389
-20.5    428
-19.5    487
-18.5    556
-17.5    595
-16.5    670
-15.5    675
-14.5    777
-13.5    855
-12.5    847
-11.5    895
-10.5    904
-9.5    1018
-8.5    1054
-7.5    1075
-6.5    1174
-5.5    1137
-4.5    1160
-3.5    1177
-2.5    1246
-1.5    1210
-0.5    1232
0.5    1229
1.5    1112
2.5    1145
3.5    1044
4.5    975
5.5    897
6.5    745
7.5    687
8.5    604
9.5    528
10.5    450
11.5    337
12.5    258
13.5    228
14.5    177
15.5    138
16.5    102
17.5    70
18.5    44
19.5    46
20.5    43
21.5    25
22.5    14
23.5    14
24.5    11
25.5    8
26.5    2
27.5    2
28.5    4
29.5    1
30.5    1
