-38.5    0
-37.5    1
-36.5    0
-35.5    0
-34.5    1
-33.5    2
-32.5    0
-31.5    0
-30.5    0
-29.5    1
-28.5    3
-27.5    3
-26.5    2
-25.5    8
-24.5    16
-23.5    14
-22.5    20
-21.5    21
-20.5    39
-19.5    55
-18.5    91
-17.5    124
-16.5    154
-15.5    192
-14.5    276
-13.5    304
-12.5    412
-11.5    510
-10.5    644
-9.5    752
-8.5    813
-7.5    1032
-6.5    1162
-5.5    1275
-4.5    1413
-3.5    1457
-2.5    1580
-1.5    1702
-0.5    1684
0.5    1749
1.5    1686
2.5    1642
3.5    1487
4.5    1421
5.5    1371
6.5    1211
7.5    1056
8.5    962
9.5    796
10.5    615
11.5    558
12.5    426
13.5    327
14.5    293
15.5    218
16.5    163
17.5    137
18.5    102
19.5    71
20.5    49
21.5    28
22.5    27
23.5    18
24.5    11
25.5    6
26.5    5
27.5    1
28.5    1
29.5    0
30.5    1
