-38.5    1
-37.5    0
-36.5    0
-35.5    0
-34.5    0
-33.5    0
-32.5    0
-31.5    0
-30.5    2
-29.5    1
-28.5    1
-27.5    0
-26.5    4
-25.5    6
-24.5    10
-23.5    17
-22.5    11
-21.5    25
-20.5    47
-19.5    70
-18.5    78
-17.5    89
-16.5    156
-15.5    190
-14.5    242
-13.5    347
-12.5    412
-11.5    562
-10.5    591
-9.5    754
-8.5    876
-7.5    1032
-6.5    1110
-5.5    1360
-4.5    1421
-3.5    1572
-2.5    1616
-1.5    1691
-0.5    1703
0.5    1737
1.5    1643
2.5    1581
3.5    1576
4.5    1425
5.5    1298
6.5    1179
7.5    989
8.5    963
9.5    766
10.5    691
11.5    557
12.5    440
13.5    334
14.5    281
15.5    224
16.5    181
17.5    118
18.5    97
19.5    69
20.5    43
21.5    28
22.5    18
23.5    15
24.5    13
25.5    6
26.5    6
27.5    2
28.5    1
29.5    2
30.5    1
