-38.5    1
-37.5    0
-36.5    0
-35.5    0
-34.5    1
-33.5    2
-32.5    3
-31.5    2
-30.5    6
-29.5    7
-28.5    6
-27.5    7
-26.5    8
-25.5    11
-24.5    19
-23.5    20
-22.5    32
-21.5    43
-20.5    53
-19.5    62
-18.5    96
-17.5    114
-16.5    159
-15.5    219
-14.5    267
-13.5    342
-12.5    442
-11.5    512
-10.5    670
-9.5    752
-8.5    926
-7.5    1031
-6.5    1176
-5.5    1265
-4.5    1394
-3.5    1468
-2.5    1511
-1.5    1627
-0.5    1657
0.5    1658
1.5    1627
2.5    1574
3.5    1537
4.5    1394
5.5    1294
6.5    1185
7.5    1024
8.5    929
9.5    745
10.5    622
11.5    538
12.5    402
13.5    349
14.5    276
15.5    226
16.5    145
17.5    104
18.5    95
19.5    58
20.5    40
21.5    37
22.5    21
23.5    19
24.5    12
25.5    11
26.5    4
27.5    2
28.5    1
29.5    1
30.5    0
