-38.5    1
-37.5    1
-36.5    0
-35.5    0
-34.5    0
-33.5    1
-32.5    0
-31.5    0
-30.5    1
-29.5    0
-28.5    2
-27.5    1
-26.5    1
-25.5    8
-24.5    17
-23.5    14
-22.5    14
-21.5    29
-20.5    51
-19.5    62
-18.5    88
-17.5    103
-16.5    154
-15.5    174
-14.5    250
-13.5    321
-12.5    422
-11.5    561
-10.5    639
-9.5    736
-8.5    873
-7.5    1037
-6.5    1188
-5.5    1315
-4.5    1443
-3.5    1501
-2.5    1624
-1.5    1731
-0.5    1713
0.5    1748
1.5    1699
2.5    1635
3.5    1554
4.5    1411
5.5    1403
6.5    1162
7.5    1030
8.5    978
9.5    785
10.5    647
11.5    555
12.5    432
13.5    334
14.5    293
15.5    237
16.5    173
17.5    130
18.5    96
19.5    70
20.5    50
21.5    30
22.5    25
23.5    14
24.5    7
25.5    5
26.5    4
27.5    2
28.5    2
29.5    1
30.5    1
