-38.5    1
-37.5    0
-36.5    0
-35.5    0
-34.5    2
-33.5    0
-32.5    1
-31.5    1
-30.5    1
-29.5    1
-28.5    4
-27.5    6
-26.5    1
-25.5    7
-24.5    7
-23.5    5
-22.5    16
-21.5    21
-20.5    46
-19.5    46
-18.5    74
-17.5    95
-16.5    142
-15.5    201
-14.5    291
-13.5    349
-12.5    434
-11.5    494
-10.5    642
-9.5    767
-8.5    854
-7.5    1067
-6.5    1143
-5.5    1255
-4.5    1377
-3.5    1543
-2.5    1607
-1.5    1629
-0.5    1690
0.5    1640
1.5    1710
2.5    1607
3.5    1580
4.5    1422
5.5    1366
6.5    1175
7.5    1038
8.5    918
9.5    787
10.5    661
11.5    552
12.5    430
13.5    385
14.5    271
15.5    214
16.5    174
17.5    110
18.5    83
19.5    65
20.5    58
21.5    40
22.5    29
23.5    20
24.5    13
25.5    9
26.5    5
27.5    3
28.5    2
29.5    1
30.5    4
