-38.5    1
-37.5    0
-36.5    0
-35.5    0
-34.5    2
-33.5    0
-32.5    1
-31.5    0
-30.5    0
-29.5    1
-28.5    3
-27.5    2
-26.5    5
-25.5    3
-24.5    12
-23.5    17
-22.5    18
-21.5    31
-20.5    31
-19.5    69
-18.5    79
-17.5    115
-16.5    156
-15.5    174
-14.5    246
-13.5    336
-12.5    447
-11.5    494
-10.5    660
-9.5    776
-8.5    883
-7.5    1017
-6.5    1109
-5.5    1324
-4.5    1418
-3.5    1496
-2.5    1604
-1.5    1663
-0.5    1638
0.5    1672
1.5    1624
2.5    1577
3.5    1527
4.5    1472
5.5    1311
6.5    1185
7.5    1031
8.5    894
9.5    734
10.5    669
11.5    543
12.5    447
13.5    353
14.5    276
15.5    194
16.5    148
17.5    123
18.5    89
19.5    65
20.5    47
21.5    31
22.5    23
23.5    12
24.5    11
25.5    11
26.5    4
27.5    3
28.5    3
29.5    2
30.5    0
