-38.5    2
-37.5    1
-36.5    3
-35.5    3
-34.5    0
-33.5    1
-32.5    3
-31.5    4
-30.5    7
-29.5    11
-28.5    11
-27.5    18
-26.5    22
-25.5    37
-24.5    45
-23.5    57
-22.5    60
-21.5    79
-20.5    127
-19.5    116
-18.5    166
-17.5    219
-16.5    234
-15.5    271
-14.5    334
-13.5    410
-12.5    495
-11.5    658
-10.5    709
-9.5    811
-8.5    885
-7.5    1033
-6.5    1123
-5.5    1296
-4.5    1331
-3.5    1429
-2.5    1498
-1.5    1564
-0.5    1625
0.5    1564
1.5    1517
2.5    1534
3.5    1477
4.5    1377
5.5    1252
6.5    1070
7.5    1013
8.5    923
9.5    727
10.5    592
11.5    517
12.5    404
13.5    296
14.5    241
15.5    189
16.5    145
17.5    99
18.5    104
19.5    57
20.5    35
21.5    26
22.5    20
23.5    24
24.5    11
25.5    5
26.5    8
27.5    2
28.5    0
29.5    0
30.5    1
