-38.5    0
-37.5    2
-36.5    0
-35.5    0
-34.5    0
-33.5    1
-32.5    3
-31.5    1
-30.5    2
-29.5    3
-28.5    2
-27.5    3
-26.5    6
-25.5    7
-24.5    19
-23.5    15
-22.5    35
-21.5    54
-20.5    66
-19.5    79
-18.5    119
-17.5    158
-16.5    218
-15.5    321
-14.5    387
-13.5    502
-12.5    668
-11.5    781
-10.5    930
-9.5    1171
-8.5    1310
-7.5    1561
-6.5    1633
-5.5    1791
-4.5    2081
-3.5    2225
-2.5    2414
-1.5    2470
-0.5    2533
0.5    2520
1.5    2514
2.5    2465
3.5    2262
4.5    2225
5.5    2004
6.5    1787
7.5    1599
8.5    1323
9.5    1170
10.5    925
11.5    821
12.5    655
13.5    521
14.5    424
15.5    323
16.5    253
17.5    179
18.5    146
19.5    103
20.5    78
21.5    49
22.5    29
23.5    28
24.5    18
25.5    13
26.5    8
27.5    4
28.5    4
29.5    0
30.5    1
