-38.5    0
-37.5    1
-36.5    0
-35.5    0
-34.5    1
-33.5    1
-32.5    1
-31.5    0
-30.5    1
-29.5    1
-28.5    2
-27.5    2
-26.5    4
-25.5    5
-24.5    13
-23.5    8
-22.5    21
-21.5    25
-20.5    49
-19.5    57
-18.5    74
-17.5    104
-16.5    178
-15.5    211
-14.5    263
-13.5    300
-12.5    402
-11.5    505
-10.5    633
-9.5    773
-8.5    844
-7.5    1007
-6.5    1178
-5.5    1275
-4.5    1378
-3.5    1504
-2.5    1601
-1.5    1642
-0.5    1698
0.5    1731
1.5    1609
2.5    1602
3.5    1511
4.5    1452
5.5    1378
6.5    1145
7.5    1052
8.5    935
9.5    767
10.5    626
11.5    524
12.5    422
13.5    339
14.5    271
15.5    239
16.5    179
17.5    99
18.5    80
19.5    64
20.5    38
21.5    38
22.5    21
23.5    9
24.5    7
25.5    9
26.5    6
27.5    4
28.5    3
29.5    3
30.5    1
