-38.5    8
-37.5    14
-36.5    9
-35.5    25
-34.5    32
-33.5    39
-32.5    75
-31.5    83
-30.5    115
-29.5    169
-28.5    183
-27.5    288
-26.5    369
-25.5    457
-24.5    499
-23.5    602
-22.5    721
-21.5    856
-20.5    924
-19.5    1037
-18.5    1154
-17.5    1266
-16.5    1322
-15.5    1340
-14.5    1438
-13.5    1481
-12.5    1419
-11.5    1379
-10.5    1366
-9.5    1238
-8.5    1211
-7.5    1195
-6.5    1042
-5.5    956
-4.5    875
-3.5    782
-2.5    738
-1.5    660
-0.5    595
0.5    535
1.5    459
2.5    431
3.5    440
4.5    348
5.5    332
6.5    242
7.5    245
8.5    190
9.5    175
10.5    146
11.5    98
12.5    98
13.5    71
14.5    60
15.5    35
16.5    37
17.5    22
18.5    26
19.5    11
20.5    10
21.5    8
22.5    3
23.5    4
24.5    1
25.5    1
26.5    2
27.5    2
28.5    1
29.5    1
30.5    0
