-38.5    5
-37.5    11
-36.5    9
-35.5    21
-34.5    34
-33.5    55
-32.5    80
-31.5    94
-30.5    133
-29.5    182
-28.5    220
-27.5    264
-26.5    382
-25.5    458
-24.5    537
-23.5    627
-22.5    794
-21.5    954
-20.5    968
-19.5    1163
-18.5    1166
-17.5    1402
-16.5    1412
-15.5    1428
-14.5    1572
-13.5    1599
-12.5    1537
-11.5    1452
-10.5    1382
-9.5    1340
-8.5    1258
-7.5    1227
-6.5    1007
-5.5    954
-4.5    851
-3.5    736
-2.5    651
-1.5    598
-0.5    532
0.5    449
1.5    358
2.5    330
3.5    332
4.5    251
5.5    236
6.5    174
7.5    153
8.5    125
9.5    124
10.5    104
11.5    78
12.5    49
13.5    41
14.5    42
15.5    32
16.5    32
17.5    14
18.5    16
19.5    6
20.5    2
21.5    5
22.5    0
23.5    2
24.5    0
25.5    0
26.5    1
27.5    0
28.5    0
29.5    1
30.5    0
