-38.5    2
-37.5    1
-36.5    0
-35.5    1
-34.5    0
-33.5    2
-32.5    1
-31.5    1
-30.5    0
-29.5    2
-28.5    3
-27.5    5
-26.5    4
-25.5    13
-24.5    10
-23.5    19
-22.5    35
-21.5    39
-20.5    53
-19.5    82
-18.5    120
-17.5    180
-16.5    212
-15.5    314
-14.5    386
-13.5    496
-12.5    643
-11.5    769
-10.5    921
-9.5    1140
-8.5    1361
-7.5    1535
-6.5    1716
-5.5    1911
-4.5    2110
-3.5    2294
-2.5    2284
-1.5    2496
-0.5    2558
0.5    2585
1.5    2538
2.5    2457
3.5    2309
4.5    2153
5.5    1897
6.5    1748
7.5    1569
8.5    1404
9.5    1102
10.5    950
11.5    791
12.5    660
13.5    493
14.5    439
15.5    327
16.5    235
17.5    189
18.5    127
19.5    96
20.5    74
21.5    56
22.5    44
23.5    30
24.5    13
25.5    12
26.5    9
27.5    4
28.5    6
29.5    3
30.5    2
