-38.5    0
-37.5    0
-36.5    0
-35.5    0
-34.5    1
-33.5    0
-32.5    1
-31.5    2
-30.5    0
-29.5    0
-28.5    3
-27.5    4
-26.5    5
-25.5    10
-24.5    11
-23.5    21
-22.5    23
-21.5    33
-20.5    77
-19.5    93
-18.5    115
-17.5    168
-16.5    229
-15.5    293
-14.5    390
-13.5    509
-12.5    619
-11.5    790
-10.5    982
-9.5    1152
-8.5    1347
-7.5    1520
-6.5    1788
-5.5    1909
-4.5    2122
-3.5    2246
-2.5    2357
-1.5    2415
-0.5    2520
0.5    2504
1.5    2443
2.5    2421
3.5    2270
4.5    2120
5.5    1934
6.5    1788
7.5    1617
8.5    1390
9.5    1165
10.5    995
11.5    730
12.5    622
13.5    509
14.5    422
15.5    314
16.5    233
17.5    172
18.5    128
19.5    99
20.5    68
21.5    58
22.5    35
23.5    24
24.5    17
25.5    11
26.5    8
27.5    5
28.5    5
29.5    3
30.5    0
