-38.5    0
-37.5    2
-36.5    0
-35.5    0
-34.5    1
-33.5    1
-32.5    1
-31.5    0
-30.5    0
-29.5    1
-28.5    2
-27.5    5
-26.5    3
-25.5    7
-24.5    5
-23.5    14
-22.5    27
-21.5    26
-20.5    46
-19.5    51
-18.5    95
-17.5    118
-16.5    150
-15.5    207
-14.5    267
-13.5    348
-12.5    404
-11.5    492
-10.5    631
-9.5    777
-8.5    827
-7.5    1054
-6.5    1167
-5.5    1296
-4.5    1411
-3.5    1454
-2.5    1542
-1.5    1736
-0.5    1659
0.5    1712
1.5    1591
2.5    1583
3.5    1534
4.5    1439
5.5    1318
6.5    1177
7.5    1035
8.5    937
9.5    799
10.5    660
11.5    594
12.5    460
13.5    342
14.5    280
15.5    199
16.5    174
17.5    144
18.5    87
19.5    71
20.5    50
21.5    32
22.5    27
23.5    18
24.5    11
25.5    7
26.5    4
27.5    4
28.5    2
29.5    1
30.5    0
