-38.5    1
-37.5    0
-36.5    1
-35.5    0
-34.5    1
-33.5    0
-32.5    1
-31.5    0
-30.5    1
-29.5    0
-28.5    3
-27.5    0
-26.5    2
-25.5    6
-24.5    7
-23.5    10
-22.5    18
-21.5    28
-20.5    42
-19.5    34
-18.5    69
-17.5    83
-16.5    121
-15.5    166
-14.5    225
-13.5    295
-12.5    338
-11.5    501
-10.5    564
-9.5    708
-8.5    845
-7.5    982
-6.5    1169
-5.5    1321
-4.5    1492
-3.5    1579
-2.5    1689
-1.5    1770
-0.5    1901
0.5    1796
1.5    1787
2.5    1666
3.5    1473
4.5    1521
5.5    1408
6.5    1184
7.5    1036
8.5    834
9.5    772
10.5    606
11.5    455
12.5    379
13.5    304
14.5    233
15.5    195
16.5    118
17.5    100
18.5    69
19.5    38
20.5    26
21.5    20
22.5    9
23.5    4
24.5    4
25.5    1
26.5    2
27.5    1
28.5    2
29.5    0
30.5    0
