-38.5    2
-37.5    1
-36.5    0
-35.5    0
-34.5    0
-33.5    1
-32.5    3
-31.5    0
-30.5    2
-29.5    2
-28.5    4
-27.5    3
-26.5    5
-25.5    6
-24.5    9
-23.5    16
-22.5    17
-21.5    23
-20.5    34
-19.5    35
-18.5    60
-17.5    90
-16.5    122
-15.5    169
-14.5    234
-13.5    282
-12.5    351
-11.5    486
-10.5    590
-9.5    728
-8.5    864
-7.5    945
-6.5    1135
-5.5    1278
-4.5    1540
-3.5    1526
-2.5    1690
-1.5    1750
-0.5    1861
0.5    1848
1.5    1798
2.5    1690
3.5    1551
4.5    1488
5.5    1376
6.5    1191
7.5    1004
8.5    863
9.5    773
10.5    618
11.5    447
12.5    399
13.5    292
14.5    216
15.5    198
16.5    110
17.5    100
18.5    65
19.5    34
20.5    34
21.5    20
22.5    10
23.5    6
24.5    7
25.5    1
26.5    2
27.5    3
28.5    1
29.5    0
30.5    0
