-38.5    3
-37.5    4
-36.5    10
-35.5    15
-34.5    15
-33.5    41
-32.5    35
-31.5    64
-30.5    98
-29.5    104
-28.5    169
-27.5    217
-26.5    294
-25.5    359
-24.5    481
-23.5    546
-22.5    712
-21.5    835
-20.5    938
-19.5    1097
-18.5    1152
-17.5    1324
-16.5    1308
-15.5    1461
-14.5    1498
-13.5    1505
-12.5    1490
-11.5    1477
-10.5    1351
-9.5    1347
-8.5    1245
-7.5    1195
-6.5    1085
-5.5    973
-4.5    936
-3.5    786
-2.5    734
-1.5    654
-0.5    556
0.5    556
1.5    486
2.5    415
3.5    405
4.5    351
5.5    306
6.5    261
7.5    237
8.5    186
9.5    168
10.5    108
11.5    109
12.5    86
13.5    73
14.5    41
15.5    38
16.5    27
17.5    22
18.5    11
19.5    11
20.5    3
21.5    8
22.5    3
23.5    5
24.5    1
25.5    1
26.5    2
27.5    1
28.5    0
29.5    1
30.5    0
