-38.5    9
-37.5    6
-36.5    14
-35.5    16
-34.5    18
-33.5    26
-32.5    48
-31.5    87
-30.5    104
-29.5    143
-28.5    188
-27.5    218
-26.5    330
-25.5    411
-24.5    542
-23.5    711
-22.5    743
-21.5    896
-20.5    1063
-19.5    1231
-18.5    1309
-17.5    1446
-16.5    1590
-15.5    1693
-14.5    1694
-13.5    1686
-12.5    1704
-11.5    1580
-10.5    1533
-9.5    1428
-8.5    1327
-7.5    1232
-6.5    1073
-5.5    931
-4.5    807
-3.5    721
-2.5    592
-1.5    484
-0.5    440
0.5    371
1.5    320
2.5    279
3.5    233
4.5    186
5.5    164
6.5    137
7.5    119
8.5    89
9.5    87
10.5    51
11.5    47
12.5    37
13.5    43
14.5    28
15.5    17
16.5    14
17.5    11
18.5    6
19.5    5
20.5    2
21.5    1
22.5    3
23.5    0
24.5    5
25.5    3
26.5    0
27.5    1
28.5    0
29.5    1
30.5    1
