-38.5    4
-37.5    7
-36.5    16
-35.5    17
-34.5    14
-33.5    34
-32.5    60
-31.5    79
-30.5    121
-29.5    133
-28.5    196
-27.5    277
-26.5    352
-25.5    436
-24.5    547
-23.5    727
-22.5    795
-21.5    975
-20.5    1148
-19.5    1190
-18.5    1415
-17.5    1539
-16.5    1643
-15.5    1717
-14.5    1745
-13.5    1785
-12.5    1722
-11.5    1703
-10.5    1573
-9.5    1514
-8.5    1379
-7.5    1268
-6.5    1058
-5.5    929
-4.5    749
-3.5    668
-2.5    506
-1.5    401
-0.5    325
0.5    293
1.5    209
2.5    180
3.5    109
4.5    103
5.5    76
6.5    70
7.5    53
8.5    33
9.5    30
10.5    18
11.5    18
12.5    16
13.5    11
14.5    10
15.5    4
16.5    9
17.5    6
18.5    4
19.5    4
20.5    3
21.5    3
22.5    6
23.5    1
24.5    6
25.5    1
26.5    0
27.5    1
28.5    0
29.5    0
30.5    0
