-38.5    0
-37.5    1
-36.5    6
-35.5    2
-34.5    9
-33.5    3
-32.5    9
-31.5    14
-30.5    18
-29.5    22
-28.5    18
-27.5    44
-26.5    52
-25.5    64
-24.5    79
-23.5    101
-22.5    117
-21.5    139
-20.5    164
-19.5    202
-18.5    222
-17.5    288
-16.5    318
-15.5    364
-14.5    417
-13.5    480
-12.5    569
-11.5    619
-10.5    705
-9.5    827
-8.5    923
-7.5    1109
-6.5    1145
-5.5    1240
-4.5    1368
-3.5    1405
-2.5    1472
-1.5    1563
-0.5    1589
0.5    1586
1.5    1578
2.5    1518
3.5    1387
4.5    1283
5.5    1194
6.5    1017
7.5    927
8.5    748
9.5    672
10.5    501
11.5    421
12.5    364
13.5    253
14.5    206
15.5    136
16.5    110
17.5    82
18.5    55
19.5    43
20.5    19
21.5    19
22.5    10
23.5    9
24.5    3
25.5    2
26.5    2
27.5    1
28.5    1
29.5    0
30.5    0
