-38.5    4
-37.5    5
-36.5    17
-35.5    16
-34.5    13
-33.5    38
-32.5    54
-31.5    73
-30.5    133
-29.5    143
-28.5    211
-27.5    261
-26.5    337
-25.5    466
-24.5    558
-23.5    718
-22.5    777
-21.5    1005
-20.5    1145
-19.5    1181
-18.5    1448
-17.5    1588
-16.5    1640
-15.5    1707
-14.5    1828
-13.5    1773
-12.5    1680
-11.5    1633
-10.5    1557
-9.5    1497
-8.5    1397
-7.5    1281
-6.5    1065
-5.5    926
-4.5    746
-3.5    686
-2.5    480
-1.5    413
-0.5    335
0.5    261
1.5    196
2.5    155
3.5    100
4.5    94
5.5    75
6.5    49
7.5    39
8.5    28
9.5    19
10.5    17
11.5    13
12.5    12
13.5    10
14.5    6
15.5    8
16.5    7
17.5    4
18.5    0
19.5    3
20.5    1
21.5    6
22.5    3
23.5    1
24.5    3
25.5    1
26.5    0
27.5    3
28.5    1
29.5    0
30.5    1
