-38.5    0
-37.5    3
-36.5    3
-35.5    4
-34.5    5
-33.5    13
-32.5    16
-31.5    23
-30.5    40
-29.5    38
-28.5    68
-27.5    71
-26.5    96
-25.5    134
-24.5    167
-23.5    216
-22.5    224
-21.5    284
-20.5    370
-19.5    410
-18.5    432
-17.5    537
-16.5    633
-15.5    608
-14.5    625
-13.5    723
-12.5    745
-11.5    801
-10.5    839
-9.5    874
-8.5    950
-7.5    1059
-6.5    1079
-5.5    1252
-4.5    1247
-3.5    1247
-2.5    1377
-1.5    1390
-0.5    1379
0.5    1392
1.5    1316
2.5    1279
3.5    1203
4.5    1133
5.5    958
6.5    840
7.5    780
8.5    628
9.5    499
10.5    417
11.5    353
12.5    245
13.5    188
14.5    160
15.5    124
16.5    86
17.5    64
18.5    41
19.5    21
20.5    19
21.5    15
22.5    15
23.5    12
24.5    2
25.5    2
26.5    4
27.5    2
28.5    0
29.5    0
30.5    0
