-38.5    1
-37.5    2
-36.5    6
-35.5    2
-34.5    6
-33.5    12
-32.5    15
-31.5    17
-30.5    29
-29.5    35
-28.5    52
-27.5    66
-26.5    78
-25.5    104
-24.5    131
-23.5    163
-22.5    168
-21.5    238
-20.5    297
-19.5    319
-18.5    339
-17.5    418
-16.5    499
-15.5    474
-14.5    531
-13.5    628
-12.5    659
-11.5    758
-10.5    799
-9.5    825
-8.5    995
-7.5    1047
-6.5    1142
-5.5    1274
-4.5    1267
-3.5    1358
-2.5    1383
-1.5    1427
-0.5    1449
0.5    1444
1.5    1408
2.5    1442
3.5    1239
4.5    1234
5.5    998
6.5    908
7.5    833
8.5    708
9.5    556
10.5    497
11.5    355
12.5    293
13.5    209
14.5    159
15.5    132
16.5    95
17.5    64
18.5    40
19.5    30
20.5    23
21.5    25
22.5    12
23.5    5
24.5    7
25.5    3
26.5    2
27.5    0
28.5    1
29.5    0
30.5    0
