-38.5    2
-37.5    6
-36.5    11
-35.5    18
-34.5    10
-33.5    36
-32.5    49
-31.5    86
-30.5    118
-29.5    130
-28.5    181
-27.5    236
-26.5    323
-25.5    399
-24.5    507
-23.5    646
-22.5    743
-21.5    931
-20.5    1009
-19.5    1210
-18.5    1262
-17.5    1421
-16.5    1480
-15.5    1630
-14.5    1642
-13.5    1651
-12.5    1636
-11.5    1589
-10.5    1608
-9.5    1401
-8.5    1244
-7.5    1166
-6.5    1081
-5.5    915
-4.5    837
-3.5    719
-2.5    644
-1.5    517
-0.5    478
0.5    378
1.5    352
2.5    343
3.5    292
4.5    237
5.5    199
6.5    179
7.5    147
8.5    133
9.5    100
10.5    83
11.5    59
12.5    50
13.5    49
14.5    39
15.5    23
16.5    17
17.5    8
18.5    10
19.5    5
20.5    7
21.5    3
22.5    2
23.5    0
24.5    1
25.5    2
26.5    0
27.5    1
28.5    0
29.5    2
30.5    1
