-38.5    1
-37.5    3
-36.5    3
-35.5    5
-34.5    5
-33.5    17
-32.5    17
-31.5    36
-30.5    44
-29.5    56
-28.5    75
-27.5    80
-26.5    136
-25.5    156
-24.5    201
-23.5    264
-22.5    297
-21.5    337
-20.5    433
-19.5    489
-18.5    553
-17.5    622
-16.5    687
-15.5    666
-14.5    734
-13.5    817
-12.5    863
-11.5    874
-10.5    895
-9.5    963
-8.5    1051
-7.5    1089
-6.5    1053
-5.5    1220
-4.5    1210
-3.5    1189
-2.5    1295
-1.5    1295
-0.5    1286
0.5    1315
1.5    1191
2.5    1150
3.5    1095
4.5    1024
5.5    918
6.5    745
7.5    716
8.5    557
9.5    469
10.5    370
11.5    320
12.5    231
13.5    180
14.5    133
15.5    109
16.5    79
17.5    64
18.5    41
19.5    19
20.5    17
21.5    10
22.5    12
23.5    11
24.5    2
25.5    2
26.5    3
27.5    2
28.5    0
29.5    0
30.5    1
