-38.5    0
-37.5    0
-36.5    1
-35.5    0
-34.5    2
-33.5    1
-32.5    2
-31.5    4
-30.5    4
-29.5    8
-28.5    10
-27.5    9
-26.5    18
-25.5    23
-24.5    34
-23.5    37
-22.5    60
-21.5    78
-20.5    76
-19.5    111
-18.5    160
-17.5    185
-16.5    238
-15.5    286
-14.5    393
-13.5    489
-12.5    612
-11.5    759
-10.5    891
-9.5    1211
-8.5    1273
-7.5    1541
-6.5    1748
-5.5    1863
-4.5    2201
-3.5    2347
-2.5    2508
-1.5    2563
-0.5    2655
0.5    2762
1.5    2518
2.5    2558
3.5    2400
4.5    2210
5.5    1967
6.5    1767
7.5    1534
8.5    1415
9.5    1028
10.5    863
11.5    695
12.5    551
13.5    454
14.5    344
15.5    224
16.5    168
17.5    144
18.5    96
19.5    57
20.5    51
21.5    27
22.5    17
23.5    19
24.5    9
25.5    5
26.5    4
27.5    2
28.5    1
29.5    1
30.5    2
