-38.5    0
-37.5    2
-36.5    1
-35.5    0
-34.5    0
-33.5    0
-32.5    0
-31.5    2
-30.5    0
-29.5    3
-28.5    4
-27.5    4
-26.5    3
-25.5    3
-24.5    6
-23.5    10
-22.5    16
-21.5    19
-20.5    32
-19.5    40
-18.5    60
-17.5    97
-16.5    94
-15.5    174
-14.5    212
-13.5    275
-12.5    353
-11.5    473
-10.5    592
-9.5    745
-8.5    849
-7.5    1007
-6.5    1223
-5.5    1267
-4.5    1466
-3.5    1595
-2.5    1742
-1.5    1781
-0.5    1781
0.5    1795
1.5    1752
2.5    1676
3.5    1644
4.5    1515
5.5    1353
6.5    1129
7.5    1070
8.5    860
9.5    714
10.5    610
11.5    502
12.5    369
13.5    293
14.5    212
15.5    175
16.5    136
17.5    76
18.5    72
19.5    35
20.5    27
21.5    16
22.5    14
23.5    15
24.5    8
25.5    4
26.5    2
27.5    0
28.5    1
29.5    0
30.5    0
