-38.5    0
-37.5    1
-36.5    0
-35.5    4
-34.5    1
-33.5    1
-32.5    1
-31.5    6
-30.5    8
-29.5    11
-28.5    6
-27.5    16
-26.5    28
-25.5    41
-24.5    30
-23.5    69
-22.5    62
-21.5    83
-20.5    107
-19.5    127
-18.5    171
-17.5    156
-16.5    209
-15.5    275
-14.5    287
-13.5    375
-12.5    447
-11.5    553
-10.5    708
-9.5    807
-8.5    944
-7.5    1069
-6.5    1182
-5.5    1285
-4.5    1372
-3.5    1543
-2.5    1608
-1.5    1646
-0.5    1708
0.5    1632
1.5    1671
2.5    1554
3.5    1536
4.5    1455
5.5    1235
6.5    1137
7.5    981
8.5    806
9.5    713
10.5    544
11.5    451
12.5    373
13.5    267
14.5    231
15.5    135
16.5    113
17.5    76
18.5    50
19.5    46
20.5    28
21.5    21
22.5    15
23.5    11
24.5    0
25.5    3
26.5    0
27.5    0
28.5    0
29.5    0
30.5    0
