-38.5    1
-37.5    4
-36.5    8
-35.5    5
-34.5    7
-33.5    18
-32.5    22
-31.5    49
-30.5    35
-29.5    74
-28.5    89
-27.5    111
-26.5    146
-25.5    193
-24.5    244
-23.5    300
-22.5    357
-21.5    385
-20.5    502
-19.5    545
-18.5    657
-17.5    699
-16.5    795
-15.5    782
-14.5    860
-13.5    922
-12.5    970
-11.5    931
-10.5    960
-9.5    1064
-8.5    1075
-7.5    1072
-6.5    1040
-5.5    1157
-4.5    1140
-3.5    1133
-2.5    1211
-1.5    1264
-0.5    1162
0.5    1125
1.5    1065
2.5    1069
3.5    984
4.5    942
5.5    891
6.5    700
7.5    643
8.5    551
9.5    450
10.5    327
11.5    274
12.5    227
13.5    170
14.5    107
15.5    108
16.5    63
17.5    60
18.5    33
19.5    19
20.5    18
21.5    15
22.5    12
23.5    2
24.5    4
25.5    2
26.5    2
27.5    1
28.5    0
29.5    0
30.5    2
