-38.5    3
-37.5    5
-36.5    5
-35.5    18
-34.5    13
-33.5    38
-32.5    46
-31.5    71
-30.5    112
-29.5    125
-28.5    173
-27.5    220
-26.5    299
-25.5    389
-24.5    462
-23.5    571
-22.5    771
-21.5    909
-20.5    988
-19.5    1158
-18.5    1215
-17.5    1364
-16.5    1404
-15.5    1523
-14.5    1613
-13.5    1562
-12.5    1585
-11.5    1565
-10.5    1514
-9.5    1429
-8.5    1253
-7.5    1174
-6.5    1082
-5.5    923
-4.5    885
-3.5    742
-2.5    685
-1.5    584
-0.5    506
0.5    439
1.5    392
2.5    355
3.5    352
4.5    277
5.5    254
6.5    214
7.5    186
8.5    173
9.5    127
10.5    94
11.5    78
12.5    66
13.5    56
14.5    44
15.5    33
16.5    23
17.5    17
18.5    11
19.5    8
20.5    7
21.5    6
22.5    2
23.5    2
24.5    1
25.5    0
26.5    2
27.5    1
28.5    0
29.5    2
30.5    0
