-38.5    0
-37.5    1
-36.5    0
-35.5    2
-34.5    2
-33.5    1
-32.5    3
-31.5    4
-30.5    3
-29.5    9
-28.5    8
-27.5    9
-26.5    20
-25.5    26
-24.5    24
-23.5    42
-22.5    51
-21.5    60
-20.5    75
-19.5    101
-18.5    147
-17.5    131
-16.5    196
-15.5    210
-14.5    281
-13.5    347
-12.5    422
-11.5    517
-10.5    701
-9.5    821
-8.5    892
-7.5    1011
-6.5    1168
-5.5    1227
-4.5    1361
-3.5    1592
-2.5    1627
-1.5    1684
-0.5    1747
0.5    1739
1.5    1677
2.5    1668
3.5    1579
4.5    1439
5.5    1233
6.5    1183
7.5    988
8.5    878
9.5    692
10.5    541
11.5    493
12.5    381
13.5    292
14.5    233
15.5    148
16.5    120
17.5    83
18.5    56
19.5    39
20.5    38
21.5    17
22.5    13
23.5    12
24.5    2
25.5    5
26.5    2
27.5    1
28.5    1
29.5    0
30.5    0
