-38.5    2
-37.5    7
-36.5    11
-35.5    13
-34.5    19
-33.5    34
-32.5    63
-31.5    78
-30.5    110
-29.5    138
-28.5    209
-27.5    283
-26.5    366
-25.5    447
-24.5    537
-23.5    688
-22.5    804
-21.5    984
-20.5    1061
-19.5    1296
-18.5    1351
-17.5    1551
-16.5    1564
-15.5    1611
-14.5    1737
-13.5    1747
-12.5    1741
-11.5    1705
-10.5    1557
-9.5    1487
-8.5    1308
-7.5    1219
-6.5    1150
-5.5    932
-4.5    764
-3.5    640
-2.5    537
-1.5    428
-0.5    336
0.5    306
1.5    219
2.5    186
3.5    155
4.5    132
5.5    87
6.5    80
7.5    68
8.5    52
9.5    46
10.5    25
11.5    24
12.5    18
13.5    19
14.5    16
15.5    5
16.5    13
17.5    5
18.5    4
19.5    4
20.5    6
21.5    3
22.5    5
23.5    1
24.5    4
25.5    0
26.5    0
27.5    1
28.5    0
29.5    0
30.5    0
