-38.5    0
-37.5    1
-36.5    1
-35.5    0
-34.5    0
-33.5    0
-32.5    0
-31.5    1
-30.5    0
-29.5    2
-28.5    1
-27.5    4
-26.5    2
-25.5    4
-24.5    6
-23.5    10
-22.5    16
-21.5    21
-20.5    32
-19.5    47
-18.5    54
-17.5    107
-16.5    106
-15.5    166
-14.5    218
-13.5    265
-12.5    341
-11.5    469
-10.5    596
-9.5    722
-8.5    806
-7.5    1024
-6.5    1181
-5.5    1239
-4.5    1513
-3.5    1583
-2.5    1716
-1.5    1762
-0.5    1768
0.5    1872
1.5    1716
2.5    1667
3.5    1614
4.5    1566
5.5    1328
6.5    1163
7.5    1067
8.5    897
9.5    743
10.5    584
11.5    498
12.5    356
13.5    319
14.5    209
15.5    171
16.5    126
17.5    90
18.5    71
19.5    36
20.5    35
21.5    18
22.5    14
23.5    12
24.5    7
25.5    2
26.5    5
27.5    1
28.5    2
29.5    2
30.5    2
