-38.5    0
-37.5    0
-36.5    2
-35.5    2
-34.5    5
-33.5    1
-32.5    5
-31.5    6
-30.5    15
-29.5    13
-28.5    12
-27.5    25
-26.5    45
-25.5    52
-24.5    61
-23.5    92
-22.5    80
-21.5    116
-20.5    135
-19.5    141
-18.5    188
-17.5    233
-16.5    255
-15.5    342
-14.5    350
-13.5    408
-12.5    504
-11.5    590
-10.5    649
-9.5    849
-8.5    906
-7.5    1134
-6.5    1153
-5.5    1288
-4.5    1414
-3.5    1461
-2.5    1586
-1.5    1625
-0.5    1612
0.5    1603
1.5    1628
2.5    1527
3.5    1453
4.5    1380
5.5    1264
6.5    1044
7.5    969
8.5    817
9.5    698
10.5    525
11.5    434
12.5    365
13.5    258
14.5    217
15.5    137
16.5    109
17.5    84
18.5    40
19.5    48
20.5    23
21.5    19
22.5    13
23.5    12
24.5    1
25.5    3
26.5    1
27.5    1
28.5    1
29.5    0
30.5    0
