-38.5    3
-37.5    5
-36.5    12
-35.5    14
-34.5    21
-33.5    41
-32.5    38
-31.5    57
-30.5    89
-29.5    93
-28.5    167
-27.5    191
-26.5    283
-25.5    346
-24.5    453
-23.5    531
-22.5    616
-21.5    760
-20.5    879
-19.5    986
-18.5    1096
-17.5    1281
-16.5    1259
-15.5    1363
-14.5    1351
-13.5    1450
-12.5    1387
-11.5    1444
-10.5    1288
-9.5    1300
-8.5    1199
-7.5    1112
-6.5    1119
-5.5    970
-4.5    965
-3.5    832
-2.5    775
-1.5    713
-0.5    666
0.5    631
1.5    574
2.5    526
3.5    473
4.5    469
5.5    370
6.5    319
7.5    274
8.5    227
9.5    203
10.5    162
11.5    137
12.5    114
13.5    81
14.5    53
15.5    45
16.5    21
17.5    20
18.5    18
19.5    11
20.5    5
21.5    6
22.5    3
23.5    4
24.5    0
25.5    1
26.5    0
27.5    0
28.5    0
29.5    0
30.5    0
