-38.5    0
-37.5    1
-36.5    1
-35.5    0
-34.5    1
-33.5    0
-32.5    1
-31.5    1
-30.5    0
-29.5    2
-28.5    4
-27.5    2
-26.5    2
-25.5    3
-24.5    7
-23.5    9
-22.5    17
-21.5    27
-20.5    40
-19.5    40
-18.5    69
-17.5    90
-16.5    116
-15.5    161
-14.5    214
-13.5    287
-12.5    351
-11.5    482
-10.5    557
-9.5    714
-8.5    888
-7.5    989
-6.5    1196
-5.5    1302
-4.5    1426
-3.5    1562
-2.5    1696
-1.5    1763
-0.5    1884
0.5    1774
1.5    1742
2.5    1673
3.5    1570
4.5    1530
5.5    1393
6.5    1152
7.5    1057
8.5    838
9.5    732
10.5    610
11.5    505
12.5    396
13.5    286
14.5    232
15.5    191
16.5    140
17.5    84
18.5    67
19.5    45
20.5    24
21.5    15
22.5    11
23.5    6
24.5    5
25.5    4
26.5    1
27.5    0
28.5    1
29.5    0
30.5    0
