-38.5    1
-37.5    7
-36.5    12
-35.5    17
-34.5    21
-33.5    35
-32.5    56
-31.5    72
-30.5    118
-29.5    148
-28.5    208
-27.5    267
-26.5    313
-25.5    451
-24.5    549
-23.5    680
-22.5    782
-21.5    1006
-20.5    1104
-19.5    1242
-18.5    1420
-17.5    1574
-16.5    1565
-15.5    1668
-14.5    1787
-13.5    1777
-12.5    1710
-11.5    1679
-10.5    1565
-9.5    1516
-8.5    1380
-7.5    1220
-6.5    1077
-5.5    907
-4.5    806
-3.5    663
-2.5    533
-1.5    423
-0.5    316
0.5    236
1.5    178
2.5    143
3.5    101
4.5    84
5.5    73
6.5    42
7.5    33
8.5    31
9.5    19
10.5    14
11.5    13
12.5    13
13.5    12
14.5    7
15.5    7
16.5    7
17.5    5
18.5    7
19.5    5
20.5    2
21.5    6
22.5    1
23.5    2
24.5    3
25.5    1
26.5    1
27.5    3
28.5    2
29.5    0
30.5    2
