-38.5    1
-37.5    2
-36.5    8
-35.5    3
-34.5    7
-33.5    7
-32.5    11
-31.5    20
-30.5    22
-29.5    32
-28.5    30
-27.5    56
-26.5    66
-25.5    73
-24.5    92
-23.5    125
-22.5    152
-21.5    185
-20.5    207
-19.5    250
-18.5    260
-17.5    324
-16.5    387
-15.5    382
-14.5    460
-13.5    541
-12.5    619
-11.5    705
-10.5    782
-9.5    803
-8.5    1026
-7.5    1073
-6.5    1155
-5.5    1252
-4.5    1300
-3.5    1414
-2.5    1364
-1.5    1484
-0.5    1547
0.5    1552
1.5    1512
2.5    1510
3.5    1307
4.5    1262
5.5    1076
6.5    974
7.5    864
8.5    704
9.5    609
10.5    540
11.5    358
12.5    345
13.5    236
14.5    179
15.5    120
16.5    107
17.5    71
18.5    52
19.5    36
20.5    20
21.5    25
22.5    12
23.5    5
24.5    8
25.5    2
26.5    1
27.5    0
28.5    1
29.5    0
30.5    0
