-38.5    0
-37.5    4
-36.5    9
-35.5    7
-34.5    9
-33.5    11
-32.5    26
-31.5    47
-30.5    41
-29.5    72
-28.5    108
-27.5    129
-26.5    159
-25.5    225
-24.5    279
-23.5    353
-22.5    440
-21.5    475
-20.5    586
-19.5    635
-18.5    753
-17.5    788
-16.5    933
-15.5    929
-14.5    1065
-13.5    1045
-12.5    1056
-11.5    1002
-10.5    1075
-9.5    1098
-8.5    1074
-7.5    1128
-6.5    1074
-5.5    1073
-4.5    1105
-3.5    1101
-2.5    1135
-1.5    1171
-0.5    1053
0.5    1029
1.5    984
2.5    1006
3.5    896
4.5    842
5.5    756
6.5    618
7.5    548
8.5    484
9.5    401
10.5    315
11.5    241
12.5    207
13.5    147
14.5    104
15.5    92
16.5    46
17.5    50
18.5    29
19.5    18
20.5    13
21.5    14
22.5    17
23.5    1
24.5    6
25.5    2
26.5    3
27.5    1
28.5    2
29.5    1
30.5    1
