-38.5    1
-37.5    1
-36.5    1
-35.5    0
-34.5    1
-33.5    1
-32.5    3
-31.5    1
-30.5    2
-29.5    3
-28.5    2
-27.5    5
-26.5    7
-25.5    8
-24.5    11
-23.5    22
-22.5    19
-21.5    31
-20.5    38
-19.5    46
-18.5    76
-17.5    103
-16.5    139
-15.5    163
-14.5    247
-13.5    301
-12.5    367
-11.5    518
-10.5    565
-9.5    740
-8.5    851
-7.5    963
-6.5    1155
-5.5    1272
-4.5    1546
-3.5    1507
-2.5    1698
-1.5    1766
-0.5    1799
0.5    1879
1.5    1759
2.5    1695
3.5    1658
4.5    1494
5.5    1353
6.5    1219
7.5    1008
8.5    913
9.5    757
10.5    591
11.5    472
12.5    403
13.5    293
14.5    202
15.5    171
16.5    111
17.5    91
18.5    68
19.5    40
20.5    32
21.5    20
22.5    12
23.5    8
24.5    7
25.5    1
26.5    1
27.5    2
28.5    0
29.5    0
30.5    0
