-38.5    6
-37.5    11
-36.5    19
-35.5    28
-34.5    44
-33.5    53
-32.5    84
-31.5    123
-30.5    157
-29.5    221
-28.5    311
-27.5    407
-26.5    527
-25.5    658
-24.5    886
-23.5    999
-22.5    1222
-21.5    1485
-20.5    1699
-19.5    1953
-18.5    2112
-17.5    2301
-16.5    2413
-15.5    2558
-14.5    2578
-13.5    2678
-12.5    2684
-11.5    2572
-10.5    2304
-9.5    2289
-8.5    2040
-7.5    1813
-6.5    1496
-5.5    1379
-4.5    1172
-3.5    974
-2.5    836
-1.5    599
-0.5    466
0.5    380
1.5    258
2.5    209
3.5    150
4.5    109
5.5    91
6.5    63
7.5    47
8.5    25
9.5    24
10.5    18
11.5    14
12.5    13
13.5    10
14.5    14
15.5    7
16.5    9
17.5    10
18.5    16
19.5    9
20.5    4
21.5    3
22.5    2
23.5    8
24.5    4
25.5    2
26.5    1
27.5    3
28.5    1
29.5    0
30.5    1
