-38.5    8
-37.5    5
-36.5    10
-35.5    13
-34.5    25
-33.5    30
-32.5    54
-31.5    79
-30.5    99
-29.5    146
-28.5    201
-27.5    225
-26.5    352
-25.5    453
-24.5    534
-23.5    687
-22.5    770
-21.5    938
-20.5    1065
-19.5    1276
-18.5    1358
-17.5    1496
-16.5    1604
-15.5    1641
-14.5    1735
-13.5    1717
-12.5    1739
-11.5    1605
-10.5    1483
-9.5    1481
-8.5    1311
-7.5    1227
-6.5    1114
-5.5    909
-4.5    781
-3.5    675
-2.5    554
-1.5    449
-0.5    383
0.5    329
1.5    256
2.5    201
3.5    191
4.5    165
5.5    128
6.5    97
7.5    88
8.5    61
9.5    62
10.5    36
11.5    32
12.5    17
13.5    27
14.5    21
15.5    9
16.5    14
17.5    8
18.5    2
19.5    2
20.5    4
21.5    2
22.5    2
23.5    0
24.5    4
25.5    1
26.5    0
27.5    0
28.5    0
29.5    0
30.5    0
