-38.5    1
-37.5    5
-36.5    14
-35.5    14
-34.5    28
-33.5    20
-32.5    58
-31.5    64
-30.5    88
-29.5    113
-28.5    196
-27.5    223
-26.5    337
-25.5    431
-24.5    512
-23.5    666
-22.5    762
-21.5    918
-20.5    1073
-19.5    1151
-18.5    1274
-17.5    1442
-16.5    1573
-15.5    1607
-14.5    1819
-13.5    1762
-12.5    1811
-11.5    1713
-10.5    1812
-9.5    1698
-8.5    1732
-7.5    1734
-6.5    1614
-5.5    1635
-4.5    1520
-3.5    1525
-2.5    1497
-1.5    1373
-0.5    1336
0.5    1287
1.5    1230
2.5    1144
3.5    1086
4.5    1038
5.5    837
6.5    746
7.5    676
8.5    574
9.5    484
10.5    383
11.5    315
12.5    254
13.5    162
14.5    143
15.5    94
16.5    65
17.5    51
18.5    43
19.5    30
20.5    19
21.5    12
22.5    14
23.5    4
24.5    5
25.5    2
26.5    3
27.5    2
28.5    2
29.5    2
30.5    1
