-38.5    4
-37.5    5
-36.5    10
-35.5    13
-34.5    22
-33.5    25
-32.5    45
-31.5    45
-30.5    72
-29.5    92
-28.5    153
-27.5    167
-26.5    251
-25.5    337
-24.5    398
-23.5    500
-22.5    573
-21.5    697
-20.5    813
-19.5    860
-18.5    968
-17.5    1168
-16.5    1209
-15.5    1231
-14.5    1289
-13.5    1307
-12.5    1323
-11.5    1347
-10.5    1290
-9.5    1246
-8.5    1209
-7.5    1122
-6.5    1087
-5.5    1037
-4.5    951
-3.5    913
-2.5    833
-1.5    762
-0.5    767
0.5    705
1.5    672
2.5    604
3.5    589
4.5    546
5.5    436
6.5    401
7.5    324
8.5    300
9.5    244
10.5    204
11.5    160
12.5    138
13.5    86
14.5    81
15.5    43
16.5    27
17.5    27
18.5    19
19.5    12
20.5    11
21.5    6
22.5    6
23.5    2
24.5    2
25.5    0
26.5    0
27.5    0
28.5    0
29.5    0
30.5    0
