-38.5    1
-37.5    0
-36.5    0
-35.5    0
-34.5    0
-33.5    0
-32.5    0
-31.5    1
-30.5    1
-29.5    1
-28.5    0
-27.5    2
-26.5    2
-25.5    4
-24.5    7
-23.5    6
-22.5    15
-21.5    23
-20.5    27
-19.5    51
-18.5    48
-17.5    95
-16.5    117
-15.5    154
-14.5    214
-13.5    275
-12.5    355
-11.5    461
-10.5    583
-9.5    687
-8.5    880
-7.5    1051
-6.5    1194
-5.5    1278
-4.5    1473
-3.5    1583
-2.5    1678
-1.5    1708
-0.5    1779
0.5    1874
1.5    1670
2.5    1759
3.5    1585
4.5    1555
5.5    1345
6.5    1179
7.5    1024
8.5    885
9.5    746
10.5    575
11.5    512
12.5    370
13.5    329
14.5    211
15.5    167
16.5    126
17.5    86
18.5    53
19.5    43
20.5    36
21.5    11
22.5    18
23.5    6
24.5    5
25.5    4
26.5    5
27.5    1
28.5    1
29.5    3
30.5    2
